tree
version=v4
num_class=1
num_tree_per_iteration=1
label_index=0
max_feature_idx=8
objective=binary sigmoid:1
feature_names=Column_0 Column_1 Column_2 Column_3 Column_4 Column_5 Column_6 Column_7 Column_8
feature_infos=[0:721] [0:344] [0:1455154] [0:75889] [0:2584] [0:24623] [0:834119.59999999998] [0:4] [0:5]
tree_sizes=1259 1404 1405 1293 1402 1617 1615 1504 1510 1301 1724 1722 1510 1512 1722 1630 1622 1936 1521 1729 1721 1725 1508 1511 1834 1622 1725 1717 1940 1611 1944 1717 1618 2145 2264 2151 2048 1831 1623 1832 2049 2358 1729 1847

Tree=0
num_leaves=11
num_cat=0
split_feature=6 1 6 6 0 6 4 6 4 2
split_gain=1387.56 118.925 112.912 21.0872 12.7281 6.34346 6.07033 5.61234 3.0224 2.82296
threshold=4251.5200000000013 99.500000000000014 1565.6450000000002 498.55000000000007 1.5000000000000002 7425.5000000000009 5.5000000000000009 2411.4500000000003 3.5000000000000004 3687.1550000000007
decision_type=2 2 2 2 2 2 2 2 2 2
left_child=2 5 3 8 -4 -2 -5 -6 -1 -8
right_child=1 -3 4 6 7 -7 9 -9 -10 -11
leaf_value=-2.7820397455946955 -2.6699702183587872 -2.4354192316723768 -2.6882442116272545 -2.7516532506698619 -2.7699370132008658 -2.5817858567731697 -2.7988935872506877 -2.7243922132977119 -2.8109574110583528 -2.7714704522950862
leaf_weight=13.185706898570059 11.453686077147724 23.019115433096886 17.320208214223385 16.929106738418341 11.341942798346283 15.364700835198162 19.610945429652929 12.906348701566456 281.98416405543685 19.778560347855091
leaf_count=236 205 412 310 303 203 275 351 231 5047 354
internal_value=-2.76333 -2.52011 -2.79524 -2.80447 -2.71884 -2.61043 -2.77583 -2.74466 -2.80981 -2.78624
internal_weight=442.894 49.8375 393.057 351.488 41.5685 26.8184 56.3186 24.2483 295.17 39.3895
internal_count=7927 892 7035 6291 744 480 1008 434 5283 705
is_linear=0
shrinkage=1


Tree=1
num_leaves=12
num_cat=0
split_feature=6 5 6 6 8 0 2 0 2 5 2
split_gain=1116.14 157.337 70.1239 17.9803 13.0821 10.8034 5.61123 3.06249 6.24818 5.23773 0.450518
threshold=3112.0900000000006 53.500000000000007 498.55000000000007 14533.645000000002 4.5000000000000009 1.0000000180025095e-35 9356.0350000000017 7.5000000000000009 3687.1550000000007 16.500000000000004 4617.0300000000007
decision_type=2 2 2 2 2 2 2 2 2 2 2
left_child=2 4 10 -3 -2 -4 7 9 -9 -7 -1
right_child=1 3 5 -5 -6 6 -8 8 -10 -11 -12
leaf_value=-0.048093042598251409 0.053073873103764928 0.16791822422792754 0.036336681859563312 0.29727359554346394 0.1225332338435931 -0.035584519606656421 0.022468862443773288 -0.020444119087781702 0.026258778601556201 0.0044722948888413607 -0.027612499145370558
leaf_weight=273.71602134034038 16.353691577911377 16.281892504543066 17.605318892747164 18.933137141168118 22.723835356533527 21.128046076744795 12.617749527096747 13.518734086304905 11.302652049809693 11.982026159763334 12.015344291925429
leaf_count=5109 265 237 307 263 356 379 222 249 203 212 224
internal_value=-8.50415e-05 0.174281 -0.0354752 0.249704 0.0974643 0.0034653 -0.00551322 -0.0121543 0.00119474 -0.0216596 -0.0474297
internal_weight=448.178 74.2926 373.886 35.215 39.0775 88.1545 70.5492 57.9315 24.8214 33.1101 285.731
internal_count=8026 1121 6905 500 621 1572 1265 1043 452 591 5333
is_linear=0
shrinkage=0.05


Tree=2
num_leaves=12
num_cat=0
split_feature=6 6 6 0 3 6 2 3 3 3 5
split_gain=849.196 103.297 62.2949 8.77108 6.49368 1.82287 1.74284 1.39506 0.9446 3.23946 0.658206
threshold=2762.9550000000004 8332.6200000000008 539.23000000000013 1.0000000180025095e-35 179.50000000000003 733.05500000000018 4853.5150000000003 71.500000000000014 306.50000000000006 152.50000000000003 6.5000000000000009
decision_type=2 2 2 2 2 2 2 2 2 2 2
left_child=2 8 6 -4 5 -5 10 -7 9 -2 -1
right_child=1 -3 3 4 -6 7 -8 -9 -10 -11 -12
leaf_value=-0.04815828158537297 0.05578837095891194 0.19122370222578933 0.034091746615527017 0.0022390410120107554 0.020343728023319387 -0.031295657581667947 -0.020504729983655393 -0.010037324654697508 0.051302337790578682 0.10829803597431659 -0.026187291074147835
leaf_weight=253.88114052265882 14.510143097490074 43.492647163569927 16.370610326528549 11.676500849425791 16.439984574913979 14.350561667233704 10.510973110795019 20.183610804378986 15.113937549293039 13.771393496543167 11.316302768886088
leaf_count=4945 228 518 277 216 290 263 200 363 208 208 218
internal_value=-0.000955834 0.137323 -0.035406 0.00367411 -0.00508279 -0.0145973 -0.0465526 -0.0201008 0.0772559 0.0868214 -0.0474238
internal_weight=441.618 86.8881 354.73 79.0213 62.6507 46.2107 275.708 34.5342 43.3955 28.2815 265.197
internal_count=7934 1162 6772 1409 1132 842 5363 626 644 436 5163
is_linear=0
shrinkage=0.05


Tree=3
num_leaves=11
num_cat=0
split_feature=6 6 6 4 6 4 0 5 0 1
split_gain=710.139 100.94 54.7463 22.7398 10.326 6.65079 3.33242 3.25939 5.27569 0.190404
threshold=2695.5600000000004 10671.655000000001 552.85000000000014 4.5000000000000009 1565.6450000000002 3.5000000000000004 2.5000000000000004 13.500000000000002 8.5000000000000018 119.50000000000001
decision_type=2 2 2 2 2 2 2 2 2 2
left_child=2 3 5 -2 7 -1 -6 8 -4 -3
right_child=1 9 4 -5 6 -7 -8 -9 -10 -11
leaf_value=-0.0089201022282939316 0.094491439785564582 0.12965737783905859 -0.031306500073204305 0.028752333751255223 0.04347127018864376 -0.047263173242815329 0.0064167243953488027 0.0093404875440045269 0.0059971650023458861 0.19768436251826035
leaf_weight=12.924208756536244 31.244664862751961 22.592931911349297 23.504882641136646 25.826095789670944 13.028159167617561 254.55973188951612 11.529077306389807 14.089381668716667 14.194201175123451 21.813766524195671
leaf_count=253 408 245 427 367 215 5167 205 249 263 204
internal_value=-0.000519213 0.114398 -0.0349013 0.0667234 0.00241288 -0.0454905 0.0278683 -0.0102451 -0.0176666 0.170154
internal_weight=445.307 101.477 343.83 57.0708 76.3457 267.484 24.5572 51.7885 37.6991 44.4067
internal_count=8003 1224 6779 775 1359 5420 420 939 690 449
is_linear=0
shrinkage=0.05


Tree=4
num_leaves=12
num_cat=0
split_feature=6 6 4 5 4 8 6 1 4 0 0
split_gain=655.482 58.3815 56.0673 23.5836 12.3353 10.6228 6.06744 4.02886 2.83319 1.85288 0.546415
threshold=2950.8000000000006 498.55000000000007 4.5000000000000009 50.500000000000007 3.5000000000000004 4.5000000000000009 1565.6450000000002 74.500000000000014 15.500000000000002 7.5000000000000009 1.5000000000000002
decision_type=2 2 2 2 2 2 2 2 2 2 2
left_child=1 8 3 -2 5 -3 9 -4 10 -6 -1
right_child=2 4 7 -5 6 -7 -8 -9 -10 -11 -12
leaf_value=-0.016229125929030839 0.080367140552416547 -0.0050144596141204001 0.065734431702703072 0.15366846300926362 -0.03182988157187322 0.056435832120260369 0.011186694999969098 0.026626926558094951 -0.049483891477482896 -0.0097903316341053787 -0.035239259051757725
leaf_weight=11.83421776071191 24.638288967311382 12.624557066708803 18.450785633176565 46.636136971414089 21.875682640820742 13.069372057914734 18.238291852176189 16.323703002184629 223.55571497604251 20.102451790124178 18.397257585078478
leaf_count=238 296 217 249 428 408 214 309 184 4741 372 384
internal_value=-0.00140839 -0.0353456 0.105942 0.131215 0.000309035 0.028061 -0.0120539 0.0498233 -0.0473232 -0.0222008 -0.0292665
internal_weight=445.746 339.698 106.049 71.2744 85.9104 25.6939 60.2164 34.7745 253.787 41.9781 30.2315
internal_count=8040 6883 1157 724 1520 431 1089 433 5363 780 622
is_linear=0
shrinkage=0.05


Tree=5
num_leaves=14
num_cat=0
split_feature=5 2 2 4 5 5 2 3 5 4 3 2 2
split_gain=503.138 73.1853 36.6879 22.1741 12.5936 11.3432 6.93443 3.70746 3.3053 2.19448 0.527715 0.0109002 1.44026
threshold=15.500000000000002 15903.580000000002 3461.4350000000004 2.5000000000000004 64.500000000000014 2.5000000000000004 10344.420000000002 82.500000000000014 27.500000000000004 51.500000000000007 140.50000000000003 1897.6700000000003 1265.8300000000002
decision_type=2 2 2 2 2 2 2 2 2 2 2 2 2
left_child=2 3 9 -2 -3 -4 7 -7 -5 11 -9 12 -1
right_child=1 4 5 8 -6 6 -8 10 -10 -11 -12 -13 -14
leaf_value=-0.034598104248508378 0.066058046598758635 0.078421412603975088 -0.041891188411077647 0.017107722859675413 0.12998124721776055 0.017821910837529268 0.034553104399539646 -0.021146601564106315 -0.014173344054543444 -0.048362582063275678 -0.0058862256318819436 -0.041553413783227161 -0.011241386181501218
leaf_weight=31.66661287099123 24.982107765972614 35.633458986878395 12.351034827530382 17.198240555822853 43.577303670346737 11.449338182806967 15.027451816946266 12.267469331622125 13.152436867356299 180.85765667259693 12.96605424582958 20.826020278036594 11.410096716135739
leaf_count=682 333 383 257 282 339 202 228 226 188 4003 241 425 240
internal_value=-0.00112027 0.0788871 -0.0362602 0.0330712 0.109289 -0.00246649 0.00815937 -0.00388051 0.00351391 -0.0450134 -0.0143133 -0.0343544 -0.0291847
internal_weight=443.365 134.544 308.822 55.3328 79.2108 64.0613 51.7103 36.6829 30.3507 244.76 25.2335 63.9027 43.0767
internal_count=8029 1525 6504 803 722 1154 897 669 470 5350 467 1347 922
is_linear=0
shrinkage=0.05


Tree=6
num_leaves=14
num_cat=0
split_feature=6 8 6 6 4 4 4 0 4 0 0 0 4
split_gain=481.493 44.5772 28.1459 23.4211 5.71498 4.45839 4.33521 3.27166 1.41366 2.4379 1.43046 1.25755 0.569777
threshold=1565.6450000000002 4.5000000000000009 14533.645000000002 539.23000000000013 5.5000000000000009 3.5000000000000004 58.500000000000007 3.5000000000000004 3.5000000000000004 8.5000000000000018 17.500000000000004 11.500000000000002 19.500000000000004
decision_type=2 2 2 2 2 2 2 2 2 2 2 2 2
left_child=3 7 5 6 -5 -3 8 -2 -1 -10 -11 12 -6
right_child=1 2 -4 4 11 -7 -8 -9 9 10 -12 -13 -14
leaf_value=-0.012144746719400242 0.012471207092066913 0.074674214773567477 0.11995786832430555 0.015286540864070186 -0.033121119611348664 0.040652827819292164 -0.048348161201921411 0.040715947834659739 -0.045159124899586234 -0.0066465820368968066 -0.031271881092167914 -0.0046576589682263856 -0.013000066778740646
leaf_weight=11.690935686230658 23.40837274864316 44.913088645786047 43.598043940961361 17.775212675333023 10.89561288058758 23.692231848835945 173.28028153628111 20.719021413475275 26.069594565778971 12.299347877502443 12.41381076723337 12.611674048006533 10.668568871915339
leaf_count=240 311 459 314 308 207 299 4013 302 584 277 282 239 205
internal_value=0.00100372 0.0711132 0.0877164 -0.0373197 -0.00662769 0.0644096 -0.0439704 0.0269233 -0.0307049 -0.0343557 -0.0204315 -0.0182405 -0.0251148
internal_weight=444.036 156.331 112.203 287.705 51.9511 68.6053 235.754 44.1274 62.4737 50.7828 24.7132 34.1759 21.5642
internal_count=8040 1685 1072 6355 959 758 5396 613 1383 1143 559 651 412
is_linear=0
shrinkage=0.05


Tree=7
num_leaves=13
num_cat=0
split_feature=5 5 2 2 4 4 1 2 5 2 4 4
split_gain=393.556 42.8406 27.8307 10.0344 8.69484 8.35418 5.28428 2.4628 1.60401 1.2744 1.23645 0.572305
threshold=20.500000000000004 5.5000000000000009 16674.975000000002 10344.420000000002 3.5000000000000004 1.5000000000000002 23.500000000000004 5205.7550000000001 52.500000000000007 3625.1550000000002 12.500000000000002 31.500000000000004
decision_type=2 2 2 2 2 2 2 2 2 2 2 2
left_child=1 4 5 6 -1 -2 -3 11 -4 -8 -11 -6
right_child=2 3 8 -5 7 -7 9 -9 -10 10 -12 -13
leaf_value=0.0015354414398365641 0.0619981276453377 0.015375136010314136 0.064916311534158347 0.027686235473118284 -0.033464543322071362 0.018118824121626544 -0.030204795881356095 -0.018086816033419783 0.096891842659165464 -0.020195834428800553 -7.8533408670669992e-05 -0.048646359701746154
leaf_weight=10.076463494449852 18.888501357287169 12.704803802073 26.031108826398849 20.54831026494503 27.25941988825798 27.720498606562614 16.015722125768661 11.111806306987999 55.992112420499325 16.207029700279239 13.184742256999014 178.161820653826
leaf_count=206 215 244 252 272 621 387 333 225 382 270 239 4282
internal_value=-0.00172627 -0.0326249 0.0709793 -0.000777253 -0.0435764 0.0377203 -0.0114281 -0.0456705 0.0885308 -0.0192598 -0.0117514 -0.0469738
internal_weight=433.902 305.27 128.632 78.6606 226.61 46.609 58.1123 216.533 82.0232 45.4075 29.3918 205.421
internal_count=7928 6692 1236 1358 5334 602 1086 5128 634 842 509 4903
is_linear=0
shrinkage=0.05


Tree=8
num_leaves=13
num_cat=0
split_feature=6 6 6 4 3 5 3 5 4 4 0 4
split_gain=402.069 37.8902 27.7755 8.51309 5.87697 4.29191 4.23027 3.83719 3.05348 2.50379 2.62904 0.108103
threshold=2000.0100000000002 9679.6400000000012 498.55000000000007 3.5000000000000004 193.50000000000003 24.500000000000004 429.50000000000006 44.500000000000007 3.5000000000000004 6.5000000000000009 7.5000000000000009 15.500000000000002
decision_type=2 2 2 2 2 2 2 2 2 2 2 2
left_child=2 3 8 7 9 -5 -3 -2 -1 -4 -11 -10
right_child=1 6 4 5 -6 -7 -8 -9 11 10 -12 -13
leaf_value=-0.01592939866203795 0.034618179059076423 0.06689688649733018 0.00078263815372491225 0.034015837699231208 0.020284605248978592 0.0012890672633758384 0.10413067807983259 0.070840885788147415 -0.030729811043811023 -0.037194654274058693 -0.0088089476485528721 -0.046853995419582795
leaf_weight=11.755299557000397 21.982986159622669 32.106802128255367 17.514984786510468 23.560194198042154 13.677421770989893 16.743453122675419 40.924902431666851 20.670115783810616 16.739596161991358 14.337245889008043 19.665331959724426 186.95942706614733
leaf_count=245 257 245 303 328 227 202 253 185 395 285 379 4695
internal_value=-7.39473e-05 0.0638102 -0.0357818 0.0391944 -0.00692349 0.0211238 0.0899811 0.0545588 -0.0443702 -0.0146351 -0.0221792 -0.0458406
internal_weight=436.638 155.988 280.649 82.9567 65.195 40.3036 73.0317 42.6531 215.454 51.5176 34.0026 203.699
internal_count=7999 1470 6529 972 1194 530 498 442 5335 967 664 5090
is_linear=0
shrinkage=0.05


Tree=9
num_leaves=11
num_cat=0
split_feature=5 5 6 6 4 5 4 5 2 4
split_gain=349.317 42.6472 26.4357 13.7089 5.19004 3.75411 3.66933 3.15714 2.50402 0.967578
threshold=13.500000000000002 64.500000000000014 513.30000000000007 2950.8000000000006 3.5000000000000004 7.5000000000000009 6.5000000000000009 21.500000000000004 6527.670000000001 21.500000000000004
decision_type=2 2 2 2 2 2 2 2 2 2
left_child=2 3 4 7 -1 9 -5 -2 -7 -4
right_child=1 -3 5 6 -6 8 -8 -9 -10 -11
leaf_value=-0.0090797506730783319 0.020661322455391085 0.083688080608206525 -0.0058889594108511092 0.055407916592674383 -0.046706558782714055 -0.0071660393354552893 0.02572986188257477 -0.0072950739097147861 0.02108224420599368 -0.025490882090169833
leaf_weight=10.756808336824177 19.662228096276522 72.339565761387348 11.89331801608205 41.397147260606289 194.03627049177885 14.47983740270138 21.306803211569786 17.447465904057026 13.385951180011032 16.356052249670029
leaf_count=229 327 487 222 374 5058 273 227 263 196 312
internal_value=-0.000193537 0.0547292 -0.0365735 0.0325096 -0.0448371 -0.00590989 0.0464303 0.00781647 0.00690674 -0.0181732
internal_weight=433.061 172.153 260.908 99.8136 204.793 56.1152 62.704 37.1097 27.8658 28.2494
internal_count=7968 1678 6290 1191 5287 1003 601 590 469 534
is_linear=0
shrinkage=0.05


Tree=10
num_leaves=15
num_cat=0
split_feature=6 6 6 0 4 6 0 0 5 1 1 2 4 6
split_gain=288.641 33.8318 23.9562 7.97888 7.019 6.10355 5.70512 2.39863 5.94568 1.84592 4.70159 1.64789 1.60919 0.721179
threshold=1565.6450000000002 6327.8850000000011 377.39500000000004 1.5000000000000002 1.5000000000000002 18357.410000000003 1.0000000180025095e-35 7.5000000000000009 11.500000000000002 40.500000000000007 74.500000000000014 3318.5300000000002 15.500000000000002 111.74000000000001
decision_type=2 2 2 2 2 2 2 2 2 2 2 2 2 2
left_child=2 6 12 5 -4 -3 -2 8 -6 -8 -11 -9 13 -1
right_child=1 3 4 -5 7 -7 9 11 -10 10 -12 -13 -14 -15
leaf_value=-0.037729030245787137 0.042609358057205581 0.055521309769298692 0.025219130328743233 0.042709920821148994 -0.040487099972935682 0.094959478134086006 -0.0015278670012222092 -0.014255277777778276 0.0038714583507965133 0.03387606179442422 -0.00012454745812811969 0.010945362090620664 -0.046271368363949003 -0.015324370628761359
leaf_weight=8.6197345145046729 21.95883946493268 32.346008442342281 10.794354587793348 34.011323057115078 19.085458818823103 33.042820073664188 16.175293937325478 12.503643091768028 11.266130384057758 20.11084945872426 18.795934032648802 9.8325356282293779 165.34977323561907 12.968130670487879
leaf_count=208 245 224 181 258 415 185 234 277 206 266 214 190 4533 301
internal_value=-0.00097537 0.0477029 -0.0353794 0.0667911 -0.00850475 0.0776773 0.0220081 -0.0160835 -0.0248003 0.0125901 0.0182473 -0.00317396 -0.0443191 -0.0267107
internal_weight=426.861 176.441 250.42 99.4002 63.4821 65.3888 77.0409 52.6878 30.3516 55.0821 38.9068 22.3362 186.938 21.5879
internal_count=7937 1626 6311 667 1269 409 959 1088 621 714 480 467 5042 509
is_linear=0
shrinkage=0.05


Tree=11
num_leaves=15
num_cat=0
split_feature=6 6 6 6 3 2 4 2 8 6 4 3 6 6
split_gain=282.124 40.017 9.9023 4.21286 3.73447 3.35894 4.85911 6.23363 5.29372 2.86189 2.04849 1.55901 0.653384 0.711458
threshold=928.69000000000017 4674.8750000000009 498.55000000000007 717.95000000000016 260.50000000000006 12302.845000000003 1.5000000000000002 4164.8000000000011 3.5000000000000004 19733.915000000005 58.500000000000007 104.50000000000001 162.55000000000004 306.85000000000008
decision_type=2 2 2 2 2 2 2 2 2 2 2 2 2 2
left_child=2 5 10 -4 -3 6 -2 -8 -9 -6 11 12 -1 -14
right_child=1 4 3 -5 9 -7 7 8 -10 -11 -12 -13 13 -15
leaf_value=-0.043657066504930037 0.041523489061804607 0.042455519246370949 0.0066974133490577655 -0.030568265317535672 0.053740280891719554 -0.0021200024560449645 -0.01611999617943867 0.037194935723438759 -0.00085930183451585142 0.081255170921681108 -0.046893263485763365 -0.011617796214145661 -0.012229545335547841 -0.034234218339149573
leaf_weight=22.255696885287762 18.738428920507431 36.23205178976059 15.73754106462002 11.68098099902272 45.614851616322994 19.853645335882902 13.024716064333914 21.179083459079266 14.941360265016554 36.333689890801907 139.36949592083693 10.424253061413763 10.637212634086611 9.3704102449119073
leaf_count=587 228 311 318 229 310 247 242 339 208 196 4009 260 274 234
internal_value=9.64766e-05 0.0419252 -0.0391726 -0.0101775 0.0607154 0.0158261 0.0209852 0.0118367 0.0222344 0.0675848 -0.0431644 -0.0319466 -0.0362091 -0.0247098
internal_weight=425.393 205.918 219.476 27.4185 118.181 87.7372 67.8836 49.1452 36.1204 81.9485 192.057 52.6876 42.2633 20.0076
internal_count=7992 2081 5911 547 817 1264 1017 789 547 506 5364 1355 1095 508
is_linear=0
shrinkage=0.05


Tree=12
num_leaves=13
num_cat=0
split_feature=6 6 4 5 2 4 1 1 1 1 6 2
split_gain=263.693 22.3873 22.1886 19.9713 8.46439 5.07982 3.8099 5.10218 1.65299 1.76556 0.675301 0.0142016
threshold=1565.6450000000002 498.55000000000007 4.5000000000000009 33.500000000000007 2043.3400000000001 3.5000000000000004 74.500000000000014 39.500000000000007 29.500000000000004 58.500000000000007 14533.645000000002 4731.9150000000009
decision_type=2 2 2 2 2 2 2 2 2 2 2 2
left_child=1 5 3 -2 -3 -1 7 -4 -6 -10 -5 -7
right_child=2 4 6 10 8 11 -8 -9 9 -11 -12 -13
leaf_value=-0.0075211180885076268 0.018391772418243722 0.029985277513335101 0.00637314174188198 0.054569409126130043 0.00023636834940991234 -0.045836262846481304 0.0041894128698295157 0.043714278989644362 -0.030143777425475034 -0.0050278313166174267 0.07505153871645065 -0.024084400101442607
leaf_weight=10.342389114201067 29.616711921989918 10.730552531778811 16.156393699347973 44.682498387992382 11.301547884941099 165.78849332407117 26.828522447496653 21.750061482191086 20.151858098804954 11.587381664663551 51.308822318911552 7.0919426381587973
leaf_count=230 321 211 220 338 228 4907 255 259 388 201 268 190
internal_value=0.000118217 -0.0349539 0.0436956 0.0558729 -0.00629683 -0.0432053 0.019101 0.0289159 -0.0162722 -0.021816 0.0668258 -0.0452296
internal_weight=427.337 236.994 190.343 125.608 53.7713 183.223 64.735 37.9065 43.0408 31.7392 95.9913 172.88
internal_count=8016 6355 1661 927 1028 5327 734 479 817 589 606 5097
is_linear=0
shrinkage=0.05


Tree=13
num_leaves=13
num_cat=0
split_feature=5 2 5 4 2 4 2 3 2 3 5 4
split_gain=229.181 23.4159 18.8042 9.49769 5.86328 4.5907 4.29178 3.47199 2.21948 1.40435 0.484035 0.0448267
threshold=12.500000000000002 8181.3700000000008 2.5000000000000004 4.5000000000000009 3461.4350000000004 22.500000000000004 5716.5600000000004 41.500000000000007 56074.900000000009 315.50000000000006 34.500000000000007 30.500000000000004
decision_type=2 2 2 2 2 2 2 2 2 2 2 2
left_child=2 6 11 8 7 -6 -2 -4 9 -3 -5 -1
right_child=1 3 4 10 5 -7 -8 -9 -10 -11 -12 -13
leaf_value=-0.029502661376304137 0.017535375724047654 0.059028081381149858 -0.0066964775983735878 0.032892400399846186 0.014799513358981437 -0.017651313849762627 -0.014809711087115946 -0.037293278407082901 0.070211096892869695 0.038592490905881155 0.017986759840161334 -0.045286357474120603
leaf_weight=15.914282549172638 25.934390556067228 32.242025163024664 15.648055981844662 23.471069891005754 22.194500338286161 17.832064606249332 14.361604876816271 25.155978675931692 36.150363355875015 43.045292653143406 19.966679435223341 130.34059866145253
leaf_count=428 392 264 389 269 379 339 184 648 183 277 161 4050
internal_value=0.000645883 0.0401614 -0.0333703 0.0488996 -0.0135567 0.000190471 0.00585231 -0.0264208 0.0567557 0.0486451 0.0271341 -0.0439901
internal_weight=422.257 195.171 227.085 154.875 80.8306 40.0266 40.296 40.804 111.438 75.2873 43.4377 146.255
internal_count=7963 1730 6233 1154 1755 718 576 1037 724 541 430 4478
is_linear=0
shrinkage=0.05


Tree=14
num_leaves=15
num_cat=0
split_feature=6 6 6 5 6 1 5 3 6 5 6 3 1 3
split_gain=213.021 29.9385 11.4524 9.73198 4.46568 11.7981 4.81065 6.98765 1.5755 2.15821 1.41127 2.25342 0.962003 0.892721
threshold=988.04500000000019 10671.655000000001 377.39500000000004 50.500000000000007 2695.5600000000004 74.500000000000014 17.500000000000004 81.500000000000014 733.05500000000018 4.5000000000000009 86.295000000000016 29.500000000000004 119.50000000000001 109.50000000000001
decision_type=2 2 2 2 2 2 2 2 2 2 2 2 2 2
left_child=2 3 10 4 6 -6 7 -2 9 -4 -1 -12 -3 -13
right_child=1 12 8 -5 5 -7 -8 -9 -10 -11 11 13 -14 -15
leaf_value=-0.045126326299969051 -0.015892673255457398 0.046584271328577287 -0.02025473398113075 0.043045056170059548 0.038955467193620599 -0.0079207908616692937 -0.01853982291026942 0.030872076088070896 -0.023528959172607146 0.0077573121255582952 -0.0085856523944376623 -0.042904513429997779 0.067094050743306766 -0.016553773666227175
leaf_weight=121.06354400329292 11.60007541999221 39.693954318761826 9.0737332683056611 33.061742514371872 33.862211111932993 20.520527355372906 17.872908871620893 18.209097433835268 13.509547755122183 16.290606804192066 10.799043821170924 20.760875482112173 43.090869054198265 7.9912692066282025
leaf_count=3918 217 241 226 258 359 193 257 300 267 352 320 612 208 223
internal_value=0.00114985 0.0351724 -0.0359949 0.0201799 0.0120883 0.0216139 0.000791332 0.0128188 -0.0109442 -0.00301157 -0.0418488 -0.0301273 0.0585908 -0.0371336
internal_weight=417.4 217.911 199.489 135.127 102.065 54.3827 47.6821 29.8092 38.8739 25.3643 160.615 39.5512 82.7848 28.7521
internal_count=7951 2033 5918 1584 1326 552 774 517 845 578 5073 1155 449 835
is_linear=0
shrinkage=0.05


Tree=15
num_leaves=14
num_cat=0
split_feature=6 6 6 0 6 0 8 6 6 3 3 3 5
split_gain=192.936 29.1884 10.9223 4.22498 3.50391 2.91659 3.99729 2.52151 1.36854 2.78538 0.474371 0.306046 0.0431033
threshold=928.69000000000017 5330.7600000000011 498.55000000000007 1.5000000000000002 733.05500000000018 1.0000000180025095e-35 2.5000000000000004 2000.0100000000002 86.295000000000016 18.500000000000004 482.50000000000006 104.50000000000001 1.5000000000000002
decision_type=2 2 2 2 2 2 2 2 2 2 2 2 2
left_child=2 5 8 10 -4 -2 -7 -8 12 -10 -3 -11 -1
right_child=1 3 4 -5 -6 6 7 -9 9 11 -12 -13 -14
leaf_value=-0.046120552389700378 0.023755167205963892 0.04304434449173046 0.0067499775667915849 0.031919595055666126 -0.027649020246908202 0.020275865660059379 -0.018233141719516101 0.0048830254768762391 -0.0016762760549714911 -0.039711959905041366 0.061096006732371103 -0.021117851967303373 -0.024040311410064033
leaf_weight=108.69427648186684 27.599893365055323 36.980485245585442 17.401453122496608 45.23598850518465 10.171665985137222 24.970455475151539 16.717972069978714 30.277342900633812 7.0409036744385949 31.309805046766996 44.484261646866798 11.085570257157086 7.1573720052838317
leaf_count=3690 319 235 354 314 212 373 298 347 207 938 222 308 226
internal_value=-0.000126625 0.0310688 -0.0366687 0.046819 -0.00695142 0.0104989 0.00491001 -0.00374886 -0.0414837 -0.0313843 0.0541293 -0.0360203 -0.0451875
internal_weight=419.127 226.266 192.861 126.701 27.5731 99.5657 71.9658 46.9953 165.288 49.4363 81.4647 42.3954 115.852
internal_count=8043 2108 5935 771 566 1337 1018 645 5369 1453 457 1246 3916
is_linear=0
shrinkage=0.05


Tree=16
num_leaves=14
num_cat=0
split_feature=6 6 5 6 5 6 3 2 5 0 8 3 3
split_gain=189.28 19.5472 17.4512 4.85288 2.94567 2.84473 3.97543 2.10964 1.76997 1.56439 0.90666 0.719095 1.02457
threshold=2000.0100000000002 513.30000000000007 19.500000000000004 6327.8850000000011 5.5000000000000009 86.295000000000016 17.500000000000004 11092.380000000003 10.500000000000002 2.5000000000000004 3.5000000000000004 106.50000000000001 39.500000000000007
decision_type=2 2 2 2 2 2 2 2 2 2 2 2 2
left_child=1 5 -2 7 -3 -1 -7 -4 -6 -10 11 12 -8
right_child=2 4 3 -5 8 6 10 -9 9 -11 -12 -13 -14
leaf_value=-0.044737270218975361 0.0030309224258362778 -0.026354347224532379 0.038726817220451758 0.049373256206247482 0.010263901597029217 0.0069231540485735947 -0.0109123415027556 0.015836256791287973 0.0015208112252498385 -0.019434812026683134 -0.045054257508691541 -0.0077803002487740738 -0.037463155213728574
leaf_weight=109.17508511431515 32.207481268793344 13.425885166972874 23.189194902777672 114.04036724567413 18.668989896774292 6.5697008911520234 7.8608667850494447 24.654989406466484 18.823572505265474 14.461375147104262 13.527730803936718 7.1345357112586489 12.203427175059913
leaf_count=3847 371 288 233 627 370 194 232 227 280 258 435 196 370
internal_value=0.00101263 -0.0304102 0.0368734 0.0434873 -0.00716312 -0.0399108 -0.0274066 0.0280396 -0.00141066 -0.00816935 -0.0330092 -0.0243427 -0.028993
internal_weight=415.943 221.851 194.092 161.885 65.3798 156.471 47.2963 47.8442 51.9539 33.2849 40.7266 27.1988 20.0643
internal_count=7928 6470 1458 1087 1196 5274 1427 460 908 538 1233 798 602
is_linear=0
shrinkage=0.05


Tree=17
num_leaves=17
num_cat=0
split_feature=5 2 2 5 2 1 5 5 5 2 3 0 5 5 3 3
split_gain=162.373 17.8426 13.5418 8.39981 6.29167 4.44098 2.08947 2.03768 1.72143 1.31169 1.94686 1.23399 0.268346 0.912507 0.246396 0.265258
threshold=11.500000000000002 15242.535000000002 3625.1550000000002 50.500000000000007 6849.6200000000008 45.500000000000007 4.5000000000000009 2.5000000000000004 122.50000000000001 331.54000000000002 12.500000000000002 3.5000000000000004 56.500000000000007 33.500000000000007 119.50000000000001 41.500000000000007
decision_type=2 2 2 2 2 2 2 2 2 2 2 2 2 2 2 2
left_child=2 3 9 4 5 -2 7 -4 12 -1 -11 -8 13 -3 15 -12
right_child=1 8 6 -5 -6 -7 11 -9 -10 10 14 -13 -14 -15 -16 -17
leaf_value=-0.047372314455283414 0.0028502120662091341 0.028135863214254011 -0.036431323437810748 0.036719420838337395 0.01649014546911242 -0.033708884449297968 -0.0092064210913004492 -0.0018844063927756099 0.051085232282300587 -0.0090608366365773404 -0.030180709680730639 0.010590395855559855 0.027521040507883277 0.047241233743282179 -0.017688263464737126 -0.043222050173563148
leaf_weight=60.043809644877911 17.527499319985512 26.45053119212389 7.8698821701109392 21.578911673277617 32.7986048348248 13.317759629338978 13.828481312841179 7.9262165240943432 41.726572811603546 8.6271168254315835 37.606696447357535 13.667516760528086 36.870019048452377 26.950865529477596 6.9003834668546906 39.550339374691248
leaf_count=2204 289 229 235 181 385 214 229 174 192 279 1225 236 189 181 215 1286
internal_value=-0.000220537 0.0294253 -0.033038 0.0112236 0.00172365 -0.014026 -0.00790593 -0.0212562 0.040834 -0.0399677 -0.0342714 0.000684891 0.035091 0.0391354 -0.0365881 -0.0377888
internal_weight=413.241 217.221 196.02 85.2228 63.6439 30.8453 43.2921 15.7961 131.998 152.728 92.6845 27.496 90.2714 53.4014 84.0574 77.157
internal_count=7943 1860 6083 1069 888 503 874 409 791 5209 3005 465 599 410 2726 2511
is_linear=0
shrinkage=0.05


Tree=18
num_leaves=13
num_cat=0
split_feature=5 5 2 1 5 1 0 2 3 3 2 0
split_gain=150.055 23.0698 8.42457 7.44054 7.39246 6.92237 6.80846 3.51409 2.54377 1.26518 1.05596 0.903463
threshold=7.5000000000000009 44.500000000000007 9356.0350000000017 27.500000000000004 2.5000000000000004 74.500000000000014 1.0000000180025095e-35 3625.1550000000002 166.50000000000003 41.500000000000007 4853.5150000000003 16.500000000000004
decision_type=2 2 2 2 2 2 2 2 2 2 2 2
left_child=4 2 3 -2 11 -4 -3 9 10 -6 -5 -1
right_child=1 6 5 8 7 -7 -8 -9 -10 -11 -12 -13
leaf_value=-0.034629538464776004 0.026235679808087366 0.052565979477546355 0.035344070914297039 -0.031575156052014892 -0.013764447992423719 0.0033132991063012265 0.027015223330911393 -0.0017789366447850633 0.0017307898390136096 -0.037999143833734317 -0.010586097888348304 -0.048423259814689187
leaf_weight=54.49893831461668 13.112970953807233 59.036278694868088 36.680642623454332 14.568296369165184 12.477629894390704 30.715545553714037 60.817567318677902 19.541008880361915 16.099677231162786 16.331439131870866 14.120855547487734 66.024739511311054
leaf_count=1981 234 305 339 291 347 288 377 394 256 500 202 2510
internal_value=-0.000167478 0.0247419 0.00950172 -0.00444023 -0.0361945 0.0212624 0.0402569 -0.0185536 -0.0141589 -0.0290777 -0.0226075 -0.042853
internal_weight=414.026 245.152 125.298 57.9018 168.874 67.3962 119.854 48.3501 44.7888 28.8091 28.6892 120.524
internal_count=8024 2292 1610 983 5732 627 682 1241 749 847 493 4491
is_linear=0
shrinkage=0.05


Tree=19
num_leaves=15
num_cat=0
split_feature=6 6 2 4 4 5 6 1 5 2 2 3 1 4
split_gain=143.777 16.6513 6.61213 5.12242 5.08254 5.05414 4.31125 3.97648 3.14731 2.99508 1.87454 1.59654 1.57366 0.896233
threshold=539.23000000000013 3040.7550000000006 9356.0350000000017 51.500000000000007 4.5000000000000009 31.500000000000004 14533.645000000002 30.500000000000004 6.5000000000000009 18262.825000000004 3625.1550000000002 166.50000000000003 7.5000000000000009 8.5000000000000018
decision_type=2 2 2 2 2 2 2 2 2 2 2 2 2 2
left_child=3 2 7 10 6 -6 9 8 -2 -3 12 13 -1 -9
right_child=1 4 -4 -5 5 -7 -8 11 -10 -11 -12 -13 -14 -15
leaf_value=-0.0033931582203775277 -0.0062641611577188457 0.037169848368337727 0.028883913221435915 -0.045591518277177535 0.031032121205760856 -0.00012325620275180412 0.046257272904834876 -0.0077360903791577609 0.02841496087134017 0.015386386366629756 0.0015159044059269826 -0.00055576285184755897 -0.031931913956766374 -0.027527652591447446
leaf_weight=6.3473250530660144 11.072449121624233 32.887869961559772 18.475140932947397 102.98909158818424 25.347071766853333 24.812250442802906 59.397923335433006 12.254718501120808 12.12975364550948 37.872580349445343 6.4783640764653674 18.624164633452892 28.496157737448812 13.958105739206074
leaf_count=202 246 241 253 4090 245 176 272 198 213 225 178 277 916 278
internal_value=0.000411007 0.0221167 0.00395398 -0.0394768 0.0306921 0.0162067 0.0359445 -0.00344691 0.0126818 0.0262543 -0.0228354 -0.0119783 -0.0271995 -0.0194793
internal_weight=411.143 266.832 86.5143 144.311 180.318 50.1593 130.158 68.0392 23.2022 70.7605 41.3218 44.837 34.8435 26.2128
internal_count=8010 2624 1465 5386 1159 421 738 1212 459 466 1296 753 1118 476
is_linear=0
shrinkage=0.05


Tree=20
num_leaves=15
num_cat=0
split_feature=6 6 6 4 8 3 6 4 1 3 6 3 3 3
split_gain=130.926 12.5824 10.4767 4.32353 7.19491 3.72956 3.07658 3.71475 1.77506 1.37155 1.29859 1.16564 0.966946 1.10508
threshold=988.04500000000019 4674.8750000000009 377.39500000000004 3.5000000000000004 3.5000000000000004 666.50000000000011 733.05500000000018 15.500000000000002 74.500000000000014 181.50000000000003 98.490000000000023 118.50000000000001 28.500000000000004 109.50000000000001
decision_type=2 2 2 2 2 2 2 2 2 2 2 2 2 2
left_child=2 3 10 9 11 8 7 -4 -3 -2 -1 -5 -12 -14
right_child=1 5 6 4 -6 -7 -8 -9 -10 -11 12 -13 13 -15
leaf_value=-0.044157075832421178 0.0094224937324083914 0.034829777179152886 0.020514254929180749 0.0013875505553479902 -0.024810294536303609 0.044865790673638904 -0.02806709046635758 -0.015835228208600876 0.020026746806261153 0.028939480161394998 -0.011022312034299236 0.020049626859441005 -0.040385053831801764 -0.011872839371939253
leaf_weight=96.607706241309643 19.6298055537045 40.677774228155613 11.052942598238589 14.473910789936779 18.362905815243721 43.998909160494804 12.422284677624701 13.235945312306283 67.077382706105709 20.693602804094553 9.1557957492768747 18.918415144085884 16.240884648635987 6.8566657807677975
leaf_count=3986 236 290 246 245 254 202 265 344 374 201 303 266 583 212
internal_value=8.25089e-05 0.0233135 -0.033999 0.00847804 -0.00117095 0.0320878 -0.00977198 0.00100829 0.0261478 0.0203327 -0.0406462 0.0124961 -0.0281659 -0.0335416
internal_weight=409.405 243.833 165.572 92.0786 51.7552 151.754 36.7112 24.2889 107.755 40.3234 128.861 33.3923 32.2533 23.0976
internal_count=8007 2068 5939 1202 765 866 855 590 664 437 5084 511 1098 795
is_linear=0
shrinkage=0.05


Tree=21
num_leaves=15
num_cat=0
split_feature=5 5 2 0 4 4 2 2 3 4 2 4 4 8
split_gain=102.405 17.1817 7.11869 5.68934 4.76145 4.1953 3.01559 2.06806 2.73094 1.97703 1.85986 1.72721 1.4043 0.591367
threshold=5.5000000000000009 47.500000000000007 9356.0350000000017 10.500000000000002 51.500000000000007 1.0000000180025095e-35 28091.820000000003 4249.1950000000006 33.500000000000007 6.5000000000000009 4164.8000000000011 13.500000000000002 6.5000000000000009 2.5000000000000004
decision_type=2 2 2 2 2 2 2 2 2 2 2 2 2 2
left_child=4 2 3 9 7 -3 12 8 11 10 -2 -1 -4 -11
right_child=1 5 6 -5 -6 -7 -8 -9 -10 13 -12 -13 -14 -15
leaf_value=0.0086501075704526666 -0.017336130414461297 0.043263970340512298 0.012945759003092715 0.019961169423690309 -0.042341914821121596 0.022268150722390953 0.0006647873874027438 0.0021288061912064097 -0.038164448982611648 -0.011801279749078058 0.0050976833350710781 -0.022749351366693205 0.030667409028495365 -0.031539580275228227
leaf_weight=7.1496226880699414 14.860480736941097 43.996991470456123 28.293438404798508 14.51087570376694 98.679884023964405 70.032647933810949 23.912905439734459 8.1036124732345325 16.76439543813467 10.241022808477284 18.939154431223869 6.7905257977545261 24.560219988226891 12.25614348426461
leaf_count=214 282 216 249 297 4154 394 164 180 565 204 250 241 270 262
internal_value=-0.00177149 0.01657 0.00517376 -0.00618163 -0.0364077 0.0309752 0.0155387 -0.0199827 -0.0255917 -0.0133737 -0.00518313 -0.00758045 0.0219986 -0.0242515
internal_weight=399.092 261.604 147.574 70.8077 137.488 114.03 76.7666 38.8082 30.7045 56.2968 33.7996 13.9401 52.8537 22.4972
internal_count=7942 2588 1978 1295 5354 610 683 1200 1020 998 532 455 519 466
is_linear=0
shrinkage=0.05


Tree=22
num_leaves=13
num_cat=0
split_feature=6 6 6 8 6 3 6 4 3 3 4 3
split_gain=124.13 12.7145 6.3255 6.22042 4.76978 6.29942 2.90846 1.82663 1.7279 1.2411 5.22455 0.456364
threshold=928.69000000000017 2762.9550000000004 424.15000000000003 4.5000000000000009 26987.330000000005 306.50000000000006 733.05500000000018 3.5000000000000004 71.500000000000014 74.500000000000014 12.500000000000002 191.50000000000003
decision_type=2 2 2 2 2 2 2 2 2 2 2 2
left_child=2 9 7 -3 5 -5 8 -1 -4 -2 11 -11
right_child=1 3 6 4 -6 -7 -8 -9 -10 10 -12 -13
leaf_value=-0.013932299253351968 -0.012358011514341448 0.0085680977819217827 0.011443807987261981 0.039742710026235965 0.047643398047555748 0.015731335722508781 -0.034411546792116006 -0.042257123304969647 -0.014838052043453225 -0.013951705841573327 0.02641255197238588 -0.0014429286185886575
leaf_weight=8.6046182382851821 12.828511843457816 38.263320863246918 9.8178417682647758 47.867174230515957 36.897312790155411 70.86737098544836 9.3169046118855459 115.27999693527818 11.37251961044967 14.404539633542301 14.938042834401129 14.05120752006769
leaf_count=234 238 339 240 341 162 392 212 4986 259 221 243 180
internal_value=-0.000535888 0.0211744 -0.0355279 0.0271897 0.0316012 0.0259094 -0.0139234 -0.0405424 -0.00272445 0.00020772 0.00430334 -0.00827535
internal_weight=404.509 250.117 154.392 193.895 155.632 118.735 30.5073 123.885 21.1904 56.2223 43.3938 28.4557
internal_count=8047 2116 5931 1234 895 733 711 5220 499 882 644 401
is_linear=0
shrinkage=0.05


Tree=23
num_leaves=13
num_cat=0
split_feature=5 8 4 4 2 1 3 4 2 4 2 4
split_gain=107.83 11.5684 7.64412 5.24584 4.05859 5.41897 2.94217 2.58348 2.06189 1.5572 0.840283 0.507247
threshold=6.5000000000000009 4.5000000000000009 16.500000000000004 4.5000000000000009 3461.4350000000004 42.500000000000007 255.50000000000003 8.5000000000000018 3904.1150000000002 1.0000000180025095e-35 26820.900000000005 2.5000000000000004
decision_type=2 2 2 2 2 2 2 2 2 2 2 2
left_child=2 4 7 9 -2 -6 -7 11 -4 -3 -11 -1
right_child=1 3 8 -5 5 6 -8 -9 -10 10 -12 -13
leaf_value=-0.0077452963171010724 -0.019271157170155734 0.036795958115224014 -0.043853177767833658 0.0076923923901815461 0.02730289473931978 -0.011148790755782127 0.013858386635565141 0.013307343448059842 -0.018161830003292499 0.017515282036210899 0.029634882537401881 -0.027299918878720193
leaf_weight=8.1594391446560675 14.71784498170018 58.620210703462362 100.50103025324643 34.992898866534233 22.244664143770933 29.306836495175958 16.866232212632895 7.236629791557788 12.752282474189995 41.585553102195263 42.83565179258585 8.2708104923367483
leaf_count=199 357 326 4534 335 286 375 178 221 358 354 200 252
internal_value=-0.000349009 0.0184651 -0.0359853 0.025591 0.00296233 0.00815663 -0.00181798 -0.00920116 -0.0413257 0.0298032 0.0242083 -0.0194832
internal_weight=398.09 261.17 136.92 178.034 83.1356 68.4177 46.1731 23.6669 113.253 143.041 84.4212 16.4302
internal_count=7975 2411 5564 1215 1196 839 553 672 4892 880 554 451
is_linear=0
shrinkage=0.05


Tree=24
num_leaves=16
num_cat=0
split_feature=5 6 6 6 1 5 2 1 2 6 5 6 1 8 1
split_gain=83.0194 13.6829 8.81641 6.12967 10.7098 4.57267 2.64802 3.31952 2.10154 1.79645 1.34748 1.22154 0.623892 0.0514406 0.757791
threshold=10.500000000000002 10671.655000000001 86.295000000000016 2000.0100000000002 57.500000000000007 60.500000000000007 11464.110000000002 8.5000000000000018 3318.5300000000002 498.55000000000007 31.500000000000004 24500.300000000003 32.500000000000007 3.5000000000000004 19.500000000000004
decision_type=2 2 2 2 2 2 2 2 2 2 2 2 2 2 2
left_child=2 3 -1 8 -5 10 7 -4 -2 13 -6 -3 -11 14 -9
right_child=1 11 6 4 5 -7 -8 9 -10 12 -12 -13 -14 -15 -16
leaf_value=-0.041349986610370926 0.0057933635778511594 0.023709826184362369 0.0085426576073729128 0.035850259839966953 0.0011495261510107849 0.017768584183739822 0.0091260192275827486 -0.0090467691159820448 -0.01895716954049732 -0.0071846966649998295 -0.015194291168409986 0.037572837772796332 -0.022153018596533063 -0.042071690143945434 -0.03188805117444956
leaf_weight=80.402657609432936 11.642313497141002 53.133435755968094 7.9588607754558316 31.743427615612745 23.937801577150822 26.544914051890373 7.543134916573762 7.4867806434631374 24.035734778270125 18.860319133847955 24.050982654094696 45.526197209954262 12.804328609257935 9.186701141297819 13.408086372539399
leaf_count=3900 223 260 243 294 232 158 114 268 386 389 189 202 264 403 475
internal_value=-0.00182766 0.0166077 -0.0298202 0.00650462 0.0124764 0.00184484 -0.0170789 -0.0200901 -0.0110019 -0.023933 -0.00732184 0.0307263 -0.014194 -0.0326606 -0.0252091
internal_weight=398.266 240.615 157.651 141.955 106.277 74.5337 77.2482 69.7051 35.678 61.7462 47.9888 98.6596 31.6646 30.0816 20.8949
internal_count=8000 1944 6056 1482 873 579 2156 2042 609 1799 421 462 653 1146 743
is_linear=0
shrinkage=0.05


Tree=25
num_leaves=14
num_cat=0
split_feature=6 8 4 0 4 4 6 8 4 5 6 5 3
split_gain=79.7623 11.9876 6.44422 6.27026 5.31829 5.19717 4.90241 4.77584 3.11345 2.00536 2.40632 1.74256 0.37799
threshold=498.55000000000007 4.5000000000000009 5.5000000000000009 7.5000000000000009 30.500000000000004 22.500000000000004 19733.915000000005 2.5000000000000004 1.0000000180025095e-35 4.5000000000000009 111.74000000000001 17.500000000000004 271.50000000000006
decision_type=2 2 2 2 2 2 2 2 2 2 2 2 2
left_child=4 3 6 7 9 -5 8 11 -3 10 -1 -2 -10
right_child=1 2 -4 5 -6 -7 -8 -9 12 -11 -12 -13 -14
leaf_value=-0.021521556872384131 0.0097911100449409785 0.030181347916737052 0.00053252264833529822 0.038065776367337628 -0.041553913402142165 -0.00025181620169685489 0.039171536808744495 -0.027317856054783436 0.016232735636468064 -0.032111934677708801 0.011699541424273197 -0.0097156844397423905 0.0078110076208336059
leaf_weight=8.1492647249251657 22.189806904643774 37.341748967766762 31.250904399901628 13.610181801021097 87.671751553192735 20.372069276869297 45.61935105919838 22.109899628907442 27.754869684576988 8.3311469443142396 9.8955493699759227 19.742194205522537 38.16612059995532
leaf_count=327 337 227 297 203 4372 357 195 381 252 258 339 193 237
internal_value=-0.000797831 0.0136449 0.0212326 -0.000444352 -0.035651 0.0163575 0.025513 -0.00958522 0.0188493 -0.0144844 -0.00395392 0.000582827 0.0117304
internal_weight=392.205 278.157 180.133 98.0242 114.048 33.9823 148.882 64.0419 103.263 26.376 18.0448 41.932 65.921
internal_count=7975 2679 1208 1471 5296 560 911 911 716 924 666 530 489
is_linear=0
shrinkage=0.05


Tree=26
num_leaves=15
num_cat=0
split_feature=6 8 4 8 6 4 0 4 6 4 4 1 5 4
split_gain=88.9716 16.3029 5.84085 5.15181 4.27141 4.08772 3.05298 1.89147 2.76189 1.84308 1.29056 0.552572 0.434428 0.169157
threshold=498.55000000000007 4.5000000000000009 4.5000000000000009 2.5000000000000004 14533.645000000002 3.5000000000000004 10.500000000000002 1.0000000180025095e-35 5907.2400000000007 13.500000000000002 3.5000000000000004 38.500000000000007 6.5000000000000009 15.500000000000002
decision_type=2 2 2 2 2 2 2 2 2 2 2 2 2 2
left_child=10 3 4 5 7 -2 11 -3 -9 -7 -1 -5 13 -12
right_child=1 2 -4 6 -6 9 -8 8 -10 -11 12 -13 -14 -15
leaf_value=-0.013848024888860878 -0.010830109524299065 0.029953881850638599 0.0063840785395499512 -0.014022918565004261 0.038493339136048875 0.028453249297306551 0.0025603262789232265 0.0024029859115007306 0.024635090883914797 0.0061280957512107543 -0.020952046249928982 -0.033190067733497156 -0.014423487224813661 -0.040668098438447389
leaf_weight=8.6005024928599578 17.781800732016563 32.189231708645821 39.826321549713612 12.069580772891642 61.895688995718956 17.100615333765745 15.066287549212573 27.812926672399044 27.074287474155426 20.683047898113728 7.9353517554700366 12.016789300367234 4.811783278360962 89.912406343966722
leaf_count=245 211 208 359 236 263 232 286 264 146 275 299 191 165 4619
internal_value=0.000496184 0.0153686 0.0237872 -0.0015569 0.0282936 0.00813403 -0.0150372 0.0203419 0.01385 0.0171547 -0.0370044 -0.025397 -0.0386426 -0.0395209
internal_weight=394.777 283.517 188.798 94.7181 148.972 55.5655 39.1527 87.0764 54.8872 37.7837 111.26 24.0864 102.66 97.8478
internal_count=7999 2671 1240 1431 881 718 713 618 410 507 5328 427 5083 4918
is_linear=0
shrinkage=0.05


Tree=27
num_leaves=15
num_cat=0
split_feature=6 8 4 4 8 0 4 6 1 6 0 4 1 2
split_gain=81.8517 16.8396 4.56537 4.41912 3.75338 4.23955 3.41394 2.73999 4.31466 2.11334 1.4775 2.17991 1.3098 0.884177
threshold=552.85000000000014 4.5000000000000009 1.5000000000000002 5.5000000000000009 2.5000000000000004 9.5000000000000018 58.500000000000007 22406.030000000002 66.500000000000014 2185.0200000000004 8.5000000000000018 3.5000000000000004 119.50000000000001 1265.8300000000002
decision_type=2 2 2 2 2 2 2 2 2 2 2 2 2 2
left_child=6 2 -2 7 9 -6 10 8 -3 -4 11 -1 -10 -12
right_child=1 3 4 -5 5 -7 -8 -9 12 -11 13 -13 -14 -15
leaf_value=-0.0068985066064696276 -0.025958058394117585 0.038294181190303096 -0.001190751132317516 0.007005142496223072 -0.025304026567024136 0.0087679905170563715 -0.04159271563297004 0.039069976274835556 0.0092134387225342781 0.020348922279124521 -0.01587048442977388 -0.03911895017362782 0.022504595255840854 0.0070521561243946625
leaf_weight=9.1730198133736867 14.476634010672567 31.087088257074356 18.280495826154947 33.673805974423885 17.413376366719604 15.771177370101212 72.990204114466906 40.737031742930412 42.393788166344166 27.304562784731388 7.9494725689291936 14.527927245944737 39.169413462281227 5.7394543793052435
leaf_count=257 175 273 335 307 319 297 4003 170 283 246 333 580 198 219
internal_value=0.000981043 0.0153423 -0.00200484 0.0239192 0.00293115 -0.00953313 -0.035113 0.0274945 0.0227 0.0120241 -0.0209941 -0.0281559 0.0159822 -0.00658573
internal_weight=390.687 280.307 93.2462 187.061 78.7696 33.1846 110.38 153.387 112.65 45.5851 37.3899 23.7009 81.5632 13.6889
internal_count=7995 2603 1372 1231 1197 616 5392 924 754 581 1389 837 481 552
is_linear=0
shrinkage=0.05


Tree=28
num_leaves=17
num_cat=0
split_feature=4 5 0 0 3 4 0 1 5 5 5 4 5 1 3 3
split_gain=69.7902 13.7554 4.54244 4.98901 3.30076 3.08853 3.06385 2.90665 2.85657 2.65779 1.77919 1.20819 0.724142 0.476491 0.343369 0.285796
threshold=58.500000000000007 20.500000000000004 1.0000000180025095e-35 8.5000000000000018 214.50000000000003 4.5000000000000009 16.500000000000004 22.500000000000004 11.500000000000002 147.50000000000003 44.500000000000007 1.0000000180025095e-35 39.500000000000007 28.500000000000004 140.50000000000003 81.500000000000014
decision_type=2 2 2 2 2 2 2 2 2 2 2 2 2 2 2 2
left_child=1 2 11 4 8 9 15 -8 13 10 -3 -1 -7 -4 -2 -5
right_child=14 5 3 6 -6 12 7 -9 -10 -11 -12 -13 -14 -15 -16 -17
leaf_value=0.0045894086655561923 -0.0406078955303577 0.017949530825940151 -0.035797528225884417 0.011289568304040133 0.010063165530351264 0.014731992955955245 0.011502911390152189 -0.026444315689888722 -0.0035360459510329839 0.012600868948453898 0.033474939288802102 0.027307674035798618 0.0023044005845307821 -0.017699934436541168 -0.015628402327405078 0.028192204989213744
leaf_weight=11.579202098771932 74.399201674386859 36.96103310957551 16.470884136855606 8.9932793974876422 9.6007706392556411 23.634122375398874 9.0131231080740708 7.5098160505294791 17.349897069856524 41.700711216777563 68.136296764016151 12.238023295998572 23.215523455291986 13.822949435561894 4.8178221099078646 9.0291617307811958
leaf_count=186 4021 306 507 254 133 240 285 180 238 178 351 261 168 360 162 170
internal_value=0.0017748 0.0125363 -0.00111883 -0.00621294 -0.0150724 0.0206164 0.00848939 -0.00673746 -0.0203389 0.0241791 0.0284521 0.0174739 0.0089202 -0.0291473 -0.039511 0.0217279
internal_weight=388.472 309.255 115.607 91.7899 57.2445 193.648 34.5454 16.5229 47.6437 146.798 105.097 23.8172 46.8496 30.2938 79.217 18.0224
internal_count=8000 3817 2574 2127 1238 1243 889 465 1105 835 657 447 408 867 4183 424
is_linear=0
shrinkage=0.05


Tree=29
num_leaves=14
num_cat=0
split_feature=6 6 4 3 6 0 1 1 1 6 4 6 6
split_gain=60.2041 11.8753 5.58843 1.85507 1.825 3.48219 3.30251 1.35305 1.45774 2.02842 1.28323 1.17702 1.09124
threshold=539.23000000000013 9272.7950000000019 3.5000000000000004 558.50000000000011 2950.8000000000006 2.5000000000000004 22.500000000000004 63.500000000000007 50.500000000000007 1565.6450000000002 32.500000000000007 949.85000000000014 123.7
decision_type=2 2 2 2 2 2 2 2 2 2 2 2 2
left_child=2 4 -1 -3 6 -6 -2 8 9 11 12 -8 -4
right_child=1 3 10 -5 5 -7 7 -9 -10 -11 -12 -13 -14
leaf_value=0.0024072070745737462 0.017057312038186744 0.016029112309268012 -0.0037879712289328373 0.030369981312001929 -0.00097681679447074172 0.019754422588125299 -0.0030284589349221735 0.0011050911578601779 -0.02641145557641705 0.0082869892727007021 -0.041300499949888263 -0.026923294653029006 -0.029909793475906072
leaf_weight=9.1049844659864885 13.790221473202108 62.311210855841637 6.4937200006097582 45.750723347067833 55.861796028912067 29.621958609670401 10.225102273747327 24.914457805454731 12.763272140175102 12.416117344051598 76.16256638430059 9.7134200874716026 12.048211887478827
leaf_count=260 287 310 299 191 382 263 240 334 205 168 4391 190 451
internal_value=-0.00242274 0.00975571 -0.0345316 0.0225422 0.00142665 0.00649438 -0.00377242 -0.00823376 -0.0132188 -0.0067799 -0.0380593 -0.0160625 -0.022021
internal_weight=381.178 277.368 103.809 108.062 169.306 85.4838 83.8226 70.0324 45.1179 32.3546 94.7045 19.9385 18.5419
internal_count=7971 2570 5401 501 2069 645 1424 1137 803 598 5141 430 750
is_linear=0
shrinkage=0.05


Tree=30
num_leaves=17
num_cat=0
split_feature=6 8 6 3 8 1 2 1 0 1 0 2 8 8 0 0
split_gain=55.2409 11.2566 4.49244 5.27907 2.99912 4.0904 2.63275 4.7717 2.28974 1.88523 1.49517 1.06091 0.60329 0.726229 1.14247 0.900797
threshold=552.85000000000014 4.5000000000000009 14533.645000000002 306.50000000000006 2.5000000000000004 42.500000000000007 343.68500000000006 6.5000000000000009 10.500000000000002 67.500000000000014 2.5000000000000004 5576.9100000000008 3.5000000000000004 2.5000000000000004 8.5000000000000018 2.5000000000000004
decision_type=2 2 2 2 2 2 2 2 2 2 2 2 2 2 2 2
left_child=6 4 3 9 5 -2 -1 -8 -6 -3 -7 12 13 -9 15 -15
right_child=1 2 -4 -5 8 10 7 11 -10 -11 -12 -13 -14 14 -16 -17
leaf_value=-0.044405270927599431 0.018867626501856975 0.026290983401133335 0.025790364337028124 -0.0014856590730676555 -0.024268835646557328 -0.016614424132352004 0.017886301695625474 -0.03345716152264322 0.00047725185800747924 0.0084852799260141908 0.0027486735014931683 -0.0035595473796492423 -0.038910902444064657 -0.0074333463788009953 -0.0012821707928769366 -0.03696598091737404
leaf_weight=36.899998085573316 21.748387195169926 38.461792550981045 74.467682883143425 54.883357282727957 23.187966397032142 18.872146479785442 4.5521543119102708 12.209699070081113 14.743697963654993 27.758846826851368 18.150886695832014 4.3089896235615006 23.032568464055657 6.0160642471164483 9.0516325868666154 5.1937486045062542
leaf_count=2243 315 370 319 341 422 202 232 596 272 226 211 159 1327 236 389 236
internal_value=-0.00167988 0.00936984 0.0162165 0.010006 -0.00452475 0.00257827 -0.0331358 -0.0255316 -0.0151081 0.0192946 -0.00746714 -0.0293078 -0.0311134 -0.0236458 -0.0152587 -0.0246415
internal_weight=393.54 292.275 195.572 121.104 96.7031 58.7714 101.265 64.3649 37.9317 66.2206 37.023 59.8127 55.5037 32.4711 20.2614 11.2098
internal_count=8096 2678 1256 937 1422 728 5418 3175 694 596 413 2943 2784 1457 861 472
is_linear=0
shrinkage=0.05


Tree=31
num_leaves=15
num_cat=0
split_feature=6 8 1 3 0 6 2 0 8 2 0 6 6 3
split_gain=61.0972 9.0581 2.82069 4.80658 3.6413 2.69463 2.53191 2.68321 5.61481 2.31075 3.00556 1.8819 1.65398 1.0545
threshold=498.55000000000007 4.5000000000000009 68.500000000000014 651.50000000000011 1.5000000000000002 144.10000000000002 3461.4350000000004 7.5000000000000009 2.5000000000000004 743.7700000000001 14.500000000000002 764.69000000000017 4251.5200000000013 183.50000000000003
decision_type=2 2 2 2 2 2 2 2 2 2 2 2 2 2
left_child=5 6 12 4 -4 -1 11 8 13 -7 -11 -2 -3 -8
right_child=1 2 3 -5 -6 9 7 -9 -10 10 -12 -13 -14 -15
leaf_value=-0.039664951410602847 0.00069250978715388321 0.016361882044605328 0.014098200948198431 0.026319577310112016 -0.0064233302446347756 0.0079274271267037993 -0.0010570546165720215 0.01613397027433057 -0.026446290041481715 -0.036138570727627876 0.005871135468521884 -0.030251802900817928 0.036471177768216421 0.01547262174276233
leaf_weight=69.535803518258035 8.4541779886931199 24.82440721988678 56.842197079211473 47.085547044873238 32.68115783855319 5.6209968412295011 18.266058467328548 23.872144481167197 15.926070341840385 14.550291515886785 5.0546281374990931 9.4477820359170419 26.876455567777157 17.898665133863688
leaf_count=4263 205 288 334 208 230 215 234 325 270 597 239 219 155 188
internal_value=-0.000137856 0.0115475 0.0178171 0.0136983 0.00663001 -0.034453 -0.00113985 0.00294761 -0.00346854 -0.0182279 -0.0257666 -0.0170373 0.0277846 0.00750594
internal_weight=376.936 282.175 188.31 136.609 89.5234 94.7617 93.8649 75.9629 52.0908 25.2259 19.6049 17.902 51.7009 36.1647
internal_count=7970 2656 1215 772 564 5314 1441 1017 692 1051 836 424 443 422
is_linear=0
shrinkage=0.05


Tree=32
num_leaves=14
num_cat=0
split_feature=6 4 2 8 2 2 0 6 5 2 6 5 4
split_gain=59.5379 5.31797 4.92013 4.16932 2.80683 6.94142 1.93294 1.9058 1.73222 1.60127 2.11887 2.99957 1.54075
threshold=552.85000000000014 13.500000000000002 5576.9100000000008 3.5000000000000004 8181.3700000000008 5922.9500000000007 1.0000000180025095e-35 119.75000000000001 17.500000000000004 71924.690000000017 12834.715000000002 28.500000000000004 33.500000000000007
decision_type=2 2 2 2 2 2 2 2 2 2 2 2 2
left_child=2 4 6 12 5 8 7 -1 -2 10 11 -6 -3
right_child=1 3 -4 -5 9 -7 -8 -9 -10 -11 -12 -13 -14
leaf_value=-0.029227623144262645 0.0030303704571209892 -0.0016477128433329655 0.01313368615313797 -0.023597763378618717 0.027118609895817582 -0.023055029404797929 -0.039484051660107919 0.0091976713698105894 0.026147405455846897 0.0075404623352234475 0.028969106407404091 0.0081628784199514158 0.017998942296437236
leaf_weight=4.9993060603737813 14.999608267098663 25.876225935295224 4.228619070723652 15.042084474116562 31.717151001095772 14.796806754544376 81.017496646381915 4.6245002979412675 17.272588953375816 37.001830235123634 44.097340881824493 62.116620473563671 13.945759607478974
leaf_count=301 290 370 162 228 308 179 4793 166 192 157 196 380 236
internal_value=-0.000710032 0.0110244 -0.0344762 -0.00283273 0.0144437 0.00342767 -0.0369329 -0.0123577 0.0162068 0.0173355 0.0198179 0.0150024 0.00576431
internal_weight=371.736 276.866 94.8699 54.8641 222.002 47.069 90.6413 9.62381 32.2722 174.933 137.931 93.8338 39.822
internal_count=7958 2536 5422 834 1702 661 5260 467 482 1041 884 688 606
is_linear=0
shrinkage=0.05


Tree=33
num_leaves=19
num_cat=0
split_feature=2 6 1 4 8 6 0 2 0 2 6 2 8 6 6 6 4 4
split_gain=42.682 6.04716 4.80354 4.12223 5.39665 3.4034 4.43265 2.62543 2.27275 1.9802 3.57561 1.70777 1.27713 2.62867 4.76337 0.523192 0.338789 2.65151
threshold=4164.8000000000011 89.945000000000007 10.500000000000002 13.500000000000002 3.5000000000000004 24500.300000000003 2.5000000000000004 15242.535000000002 10.500000000000002 13222.275000000003 10671.655000000001 8181.3700000000008 2.5000000000000004 450.02500000000003 949.85000000000014 179.84500000000003 355.50000000000006 223.50000000000003
decision_type=2 2 2 2 2 2 2 2 2 2 2 2 2 2 2 2 2 2
left_child=1 16 -3 5 8 6 9 -8 -5 11 -11 -2 -4 15 -15 -14 17 -1
right_child=3 2 12 4 -6 -7 7 -9 -10 10 -12 -13 13 14 -16 -17 -18 -19
leaf_value=-0.037162775320779849 0.0009828588258850462 0.015112356370347605 -0.035088305707670873 -0.0043886766416468704 -0.028256193803228392 0.023856454007061653 0.0083669885073876238 0.033515214458411026 0.020743850296730048 -0.01128010947215514 0.0088565257840070508 0.021048584313335939 -0.012453498764105779 0.016743601374630542 -0.02420303195798737 -0.037863150905018197 -0.043988009023147805 0.0014028210576041622
leaf_weight=16.344013179652396 19.67905299924314 9.237110033631323 12.682201710529624 19.615923149511218 14.287529573775826 42.872055992484093 22.098155308514833 21.080710712820292 13.790552415885029 41.884189654141665 42.32657665759325 21.525311693549156 5.8313524834811679 11.786122551187875 12.757924439385532 9.4134588660672289 35.317240086384118 5.7000625142827621
leaf_count=994 247 318 337 306 259 179 274 141 195 278 189 186 316 301 193 444 2504 399
internal_value=-0.00284468 -0.0273712 -0.0157184 0.00854718 -0.00457866 0.0115227 0.00814347 0.021585 0.00657201 0.00324956 -0.00118824 0.0119544 -0.0215015 -0.0156988 -0.00476028 -0.0307152 -0.0389551 -0.0279034
internal_weight=378.23 119.069 61.7082 259.16 47.694 211.466 168.594 43.1789 33.4065 125.415 84.2108 41.2044 52.4711 39.7889 24.544 15.2448 57.3613 22.0441
internal_count=8060 5806 1909 2254 760 1494 1315 415 501 900 467 433 1591 1254 494 760 3897 1393
is_linear=0
shrinkage=0.05


Tree=34
num_leaves=20
num_cat=0
split_feature=6 5 6 5 0 0 4 3 1 1 0 6 0 3 6 0 1 3 6
split_gain=42.8469 5.87154 5.81557 2.60506 2.23734 4.53379 3.09024 2.45231 2.2288 4.72695 2.7825 5.12432 1.95059 1.40617 1.21125 1.16545 1.03636 0.802753 0.137828
threshold=928.69000000000017 1.5000000000000002 13676.155000000001 49.500000000000007 9.5000000000000018 15.500000000000002 5.5000000000000009 48.500000000000007 92.500000000000014 67.500000000000014 1.0000000180025095e-35 4674.8750000000009 10.500000000000002 69.500000000000014 2411.4500000000003 3.5000000000000004 22.500000000000004 50.500000000000007 86.295000000000016
decision_type=2 2 2 2 2 2 2 2 2 2 2 2 2 2 2 2 2 2 2
left_child=1 15 3 8 6 -6 13 -8 9 10 -2 12 14 -3 -12 17 -7 -1 -17
right_child=2 4 -4 -5 5 16 7 -9 -10 -11 11 -13 -14 -15 -16 18 -18 -19 -20
leaf_value=-0.025794809013002375 0.020042100933237612 -0.016164636655909025 0.021517790809892703 0.014545074515779114 0.028622615602864134 -0.0028422453330636801 -0.0020674130159360755 -0.042386937274269093 0.015506939947603472 -0.020332252206453932 -0.02539947747320628 0.021558598058543762 0.004873349533927894 0.010860348896236232 -0.0048353684804052248 -0.042614891239180178 -0.030430772842103906 0.00069989642018848512 -0.016032043245414348
leaf_weight=8.0392254330217821 18.775122443214059 7.8374829906970245 82.280946351587772 52.635760355740786 6.7402030127123025 7.3078456334769708 5.1623054929077652 14.520553727634249 20.924541641026735 23.769125293940306 16.153829656541351 15.932668030261992 14.184967562556265 7.5217697191983461 13.718944963067768 41.370282960124314 5.2248365664854646 3.852603373117744 3.7665239106863728
leaf_count=523 201 228 360 304 234 311 240 559 183 238 302 120 219 180 145 2985 204 248 197
internal_value=-0.000478409 -0.026136 0.0106942 0.00545202 -0.0136166 0.000181213 -0.0208053 -0.0329783 0.0014052 -0.0017142 0.00426854 -0.00115544 -0.00994903 -0.00320346 -0.0168515 -0.0371944 -0.0169489 -0.0183463 -0.041171
internal_weight=369.72 111.344 258.376 176.095 54.315 19.2729 35.0421 19.6829 123.459 102.535 78.7655 59.9904 44.0577 15.3593 29.8728 57.0286 12.5327 11.8918 45.1368
internal_count=7981 5909 2072 1712 1956 749 1207 799 1408 1225 987 786 666 408 447 3953 515 771 3182
is_linear=0
shrinkage=0.05


Tree=35
num_leaves=19
num_cat=0
split_feature=4 8 0 1 5 0 5 0 2 2 2 2 5 1 1 4 4 4
split_gain=43.7031 10.4437 4.56647 4.26267 4.72325 4.07916 3.69457 4.07699 2.86848 2.56038 2.17049 2.75468 1.31282 0.971291 1.60152 0.49798 2.34492 0.412632
threshold=58.500000000000007 4.5000000000000009 1.5000000000000002 98.500000000000014 27.500000000000004 7.5000000000000009 13.500000000000002 1.5000000000000002 15242.535000000002 3625.1550000000002 1897.6700000000003 756.92000000000019 7.5000000000000009 119.50000000000001 66.500000000000014 355.50000000000006 223.50000000000003 274.50000000000006
decision_type=2 2 2 2 2 2 2 2 2 2 2 2 2 2 2 2 2 2
left_child=1 3 13 4 5 6 7 12 -4 10 11 -7 -1 14 -3 16 -2 -18
right_child=15 2 8 -5 -6 9 -8 -9 -10 -11 -12 -13 -14 -15 -16 -17 17 -19
leaf_value=0.0082880067013628416 -0.033794946804788985 0.024790714068738659 -0.0076690266051176147 0.024577639163000847 -0.03788872763244619 -0.015108507505886912 0.0070995058923205836 -0.032185411108150395 0.012890326633657554 0.021459946896573115 -0.022805649133894528 0.028093689951300529 -0.015146924202151772 0.026257629886535384 0.0090821979955664559 -0.04240750100264231 -0.0093471436628775988 0.011266446182782377
leaf_weight=12.117050684057178 23.415990135632459 29.840516453608871 26.516096943989396 10.502603614702819 8.6739080436527711 4.9954553656280059 19.384671712294221 22.542164325714111 40.530165247619152 19.684865516610444 6.7116900077089658 6.1884893933311105 8.3956037126481515 56.972398161888123 41.006456708535552 34.110033032484353 2.8690306106582275 2.8633350422605872
leaf_count=374 1227 232 305 104 90 240 228 695 215 297 212 236 139 258 248 2563 206 207
internal_value=0.00077066 0.00845819 0.0155332 -0.00317369 -0.00625079 -0.00281811 -0.0105299 -0.01843 0.0047727 0.00987947 -0.00373558 0.00943223 -0.00179718 0.021017 0.0161975 -0.0364855 -0.0272776 0.00120028
internal_weight=377.321 314.062 194.866 119.197 108.694 100.02 62.4395 43.0548 67.0463 37.5805 17.8956 11.1839 20.5127 127.819 70.847 63.2584 29.1484 5.73237
internal_count=8076 3873 1258 2615 2511 2421 1436 1208 520 985 688 476 513 738 480 4203 1640 413
is_linear=0
shrinkage=0.05


Tree=36
num_leaves=18
num_cat=0
split_feature=6 4 1 6 3 3 5 0 3 6 1 6 0 0 4 4 4
split_gain=42.0989 9.43805 4.78224 4.76134 3.34644 4.00468 4.78641 2.61641 5.20934 2.10067 4.64389 1.97501 1.34524 0.225565 1.7121 0.755117 0.632895
threshold=377.39500000000004 4.5000000000000009 68.500000000000014 4251.5200000000013 558.50000000000011 306.50000000000006 20.500000000000004 7.5000000000000009 74.500000000000014 162.55000000000004 25.500000000000004 1834.7900000000002 3.5000000000000004 3.5000000000000004 249.50000000000003 2583.5000000000005 15.500000000000002
decision_type=2 2 2 2 2 2 2 2 2 2 2 2 2 2 2 2 2
left_child=9 4 3 7 5 6 11 12 -9 13 -11 -2 -3 14 -1 -16 -15
right_child=1 2 -4 -5 -6 -7 -8 8 -10 10 -12 -13 -14 16 15 -17 -18
leaf_value=-0.036157967827385951 0.012935176256228295 -0.0027098442682013876 -0.016085670959080013 0.025061749071810725 0.026158475963478263 -0.00094714359368057921 0.025427289091291473 -0.014726356576131836 0.024380540284056076 0.010626463847109781 -0.039425379090551584 -0.011743626371669097 -0.025963460023386578 -0.0082911985151247064 0.012900402060337521 -0.014340068536380746 -0.040961265981195566
leaf_weight=8.1905974112451059 13.955684851855041 12.944250091910364 40.259715570136905 19.169794633984566 52.506075285375118 45.562746807932854 56.931872053071856 13.893511620350184 16.607418059371412 8.5439641205593926 6.6844176249578586 14.483218323439358 10.984735659323631 2.7266318406909695 2.739080721512436 3.5424827057868242 44.391233745031059
leaf_count=440 268 289 384 141 235 250 377 321 299 393 318 136 239 139 203 274 3364
internal_value=7.49997e-05 0.00863617 -0.00265187 0.00492769 0.0155956 0.0110299 0.0172975 -0.00280029 0.0067569 -0.0324364 -0.0133699 0.000421068 -0.0145638 -0.036582 -0.0234829 -0.00221498 -0.0394853
internal_weight=374.117 297.299 113.859 73.5997 183.44 130.934 85.3708 54.4299 30.5009 76.8184 15.2284 28.4389 23.929 61.59 14.4722 6.28156 47.1179
internal_count=8070 2939 1673 1289 1266 1031 781 1148 620 5131 711 404 528 4420 917 477 3503
is_linear=0
shrinkage=0.05


Tree=37
num_leaves=16
num_cat=0
split_feature=4 2 4 3 3 0 4 2 2 2 1 3 3 1 3
split_gain=41.0512 8.68551 3.72705 6.41329 3.72937 3.8196 3.70821 2.24318 2.3095 2.10354 0.785187 0.698565 2.65115 0.585589 0.0968805
threshold=58.500000000000007 4164.8000000000011 4.5000000000000009 339.50000000000006 219.50000000000003 6.5000000000000009 2.5000000000000004 39520.775000000009 11092.380000000003 3625.1550000000002 94.500000000000014 41.500000000000007 28.500000000000004 35.500000000000007 168.50000000000003
decision_type=2 2 2 2 2 2 2 2 2 2 2 2 2 2 2
left_child=1 6 7 4 5 -4 -1 8 -3 11 -10 12 -8 -13 -2
right_child=14 2 3 -5 -6 -7 9 -9 10 -11 -12 13 -14 -15 -16
leaf_value=0.0087459813749674858 -0.037215837124166658 0.022373763922641614 -0.0077193986013993398 -0.018162101156852708 0.031322693300515618 0.018953317200291059 -0.024889552790671191 0.024724030736514722 0.00078930576943092318 0.0089546375568494048 0.011421222679828329 -0.034359221499498202 0.015247183356886271 -0.011223009779767864 -0.012612858210176612
leaf_weight=18.608654782176018 56.537574640475214 33.696931514889002 27.642591706477106 22.321673350408673 16.026618901640177 22.719006292521954 9.4018459692597371 58.044400617480278 33.47803958132863 5.3665873967111102 34.809706099331379 12.625195325352253 4.7796588856726876 6.6727928966283789 3.0424592392519108
leaf_count=354 4100 345 376 177 171 298 401 245 217 123 186 506 194 230 103
internal_value=0.000864784 0.00830701 0.0123404 0.00399729 0.0117612 0.00457748 -0.00898252 0.0168589 0.011993 -0.0174875 0.0063797 -0.0219919 -0.0111495 -0.0281644 -0.0364099
internal_weight=365.774 306.194 248.739 88.7099 66.3882 50.3616 57.4547 160.029 101.985 38.8461 68.2877 33.4795 14.1815 19.298 59.58
internal_count=8026 3823 2015 1022 845 674 1808 993 748 1454 403 1331 595 736 4203
is_linear=0
shrinkage=0.05


Tree=38
num_leaves=14
num_cat=0
split_feature=6 6 2 2 1 0 3 6 2 6 2 4 3
split_gain=42.0293 5.26449 3.7591 2.89625 2.11824 1.99803 2.20677 1.88793 1.50203 1.01733 2.45739 0.803152 0.544649
threshold=1082.9050000000002 377.39500000000004 15903.580000000002 1602.3300000000002 66.500000000000014 1.0000000180025095e-35 81.500000000000014 717.95000000000016 5205.7550000000001 22406.030000000002 31425.430000000004 15.500000000000002 119.50000000000001
decision_type=2 2 2 2 2 2 2 2 2 2 2 2 2
left_child=1 8 4 -3 5 -2 -7 11 12 10 -4 -5 -1
right_child=2 3 9 7 -6 6 -8 -9 -10 -11 -12 -13 -14
leaf_value=-0.037929210508978184 0.02087464292761311 0.013032193869199217 0.017492560345332225 0.0063591509782972514 -0.0071568586981951184 -0.011568836088182318 0.009343146518097081 -0.029547533633253728 -5.6575903955325184e-05 0.020448430805872109 0.0018467710825522449 -0.014472196189736268 -0.011919937746293078
leaf_weight=64.296970712952316 17.537002546712756 7.9664588179439297 60.382285714149475 7.4126819744706172 37.923961598426104 17.595772417262197 33.553031979128718 15.433152819052337 2.9292367221787563 48.5897236764431 42.859720502048731 7.4371269401162863 4.4417187254875889
leaf_count=4709 171 210 390 179 341 256 387 345 136 207 220 233 247
internal_value=-0.00166722 -0.0272844 0.00935383 -0.011477 0.00209534 0.00726178 0.00198456 -0.0183325 -0.0351802 0.0143569 0.0111559 -0.00455313 -0.0366331
internal_weight=368.359 109.917 258.441 38.2494 106.61 68.6858 51.1488 30.283 71.6679 151.832 103.242 14.8498 68.7387
internal_count=8031 6059 1972 967 1155 814 643 757 5092 817 610 412 4956
is_linear=0
shrinkage=0.05


Tree=39
num_leaves=16
num_cat=0
split_feature=6 3 4 4 3 3 6 3 6 6 6 3 1 6 3
split_gain=33.7689 5.76403 2.83117 2.44707 6.66758 1.74789 1.87368 2.5046 3.40254 1.42402 2.79537 0.884139 1.45487 0.680771 0.244632
threshold=572.34000000000003 166.50000000000003 15.500000000000002 3.5000000000000004 334.50000000000006 128.50000000000003 2520.2100000000005 45.500000000000007 1306.2750000000003 306.85000000000008 127.25000000000001 558.50000000000011 89.500000000000014 424.15000000000003 113.50000000000001
decision_type=2 2 2 2 2 2 2 2 2 2 2 2 2 2 2
left_child=2 5 9 11 -5 6 7 -2 -9 10 -1 12 -3 14 -4
right_child=1 3 13 4 -6 -7 -8 8 -10 -11 -12 -13 -14 -15 -16
leaf_value=-0.021240492107263545 0.012982289305923168 0.019172316171393863 -0.037147797643347726 0.017623192578080631 -0.014162032002496279 -0.014034661655669245 0.0094044996563429784 -0.028777593707733314 0.004945800926225534 -0.024411953516493154 0.023255025244464669 0.020812798868757525 0.0051024207669511873 -0.0084559403834261679 -0.014806091091009941
leaf_weight=4.7687826165929454 10.196883575990794 33.638154838234186 53.594214277341962 35.110942024737597 27.78554193675518 24.74796387180686 32.76211279258132 14.945970728993418 12.482176400721071 7.2127103526145211 5.3968339972198009 53.357084039598703 42.135059408843517 3.8679022444412103 4.9742717538028947
leaf_count=234 217 245 4329 369 206 274 265 350 191 226 204 236 223 144 304
internal_value=-0.00116031 0.00687025 -0.0295148 0.0118169 0.00357784 -0.00315203 0.000956322 -0.00650333 -0.0141374 -0.0101484 0.0023214 0.0157141 0.0116809 -0.0344228 -0.0358019
internal_weight=366.977 287.162 79.8147 192.027 62.8965 95.1351 70.3871 37.625 27.4281 17.3783 10.1656 129.13 75.7732 62.4364 58.5685
internal_count=8017 2576 5441 1279 575 1297 1023 758 541 664 438 704 468 4777 4633
is_linear=0
shrinkage=0.05


Tree=40
num_leaves=18
num_cat=0
split_feature=4 5 5 5 4 0 2 4 1 1 4 4 0 0 0 0 0
split_gain=30.2866 5.65102 3.83357 3.1344 2.677 2.26171 4.57134 5.80903 3.3902 0.984406 0.760753 4.09691 1.30853 1.0158 0.225157 0.00853909 1.23388
threshold=58.500000000000007 49.500000000000007 92.500000000000014 2.5000000000000004 33.500000000000007 10.500000000000002 9356.0350000000017 6.5000000000000009 35.500000000000007 74.500000000000014 355.50000000000006 223.50000000000003 43.500000000000007 17.500000000000004 10.500000000000002 6.5000000000000009 2.5000000000000004
decision_type=2 2 2 2 2 2 2 2 2 2 2 2 2 2 2 2 2
left_child=1 3 -3 14 5 6 7 8 -5 -8 11 12 -2 -13 -1 16 -12
right_child=10 2 -4 4 -6 -7 9 -9 -10 -11 15 13 -14 -15 -16 -17 -18
leaf_value=-0.026197267194313752 -0.039813407588751237 0.02421696192729017 0.0063532111581964326 0.01475548741634798 0.020656184121927601 0.015246717723428416 0.011038932509856617 -0.032561332844009062 -0.013479774390340364 -8.8323750549835025e-06 -0.034323217679046045 0.027365397324509183 -0.0068045228257338818 -0.0074563786474591987 -0.0080598807781708786 -0.044209146541239731 0.0039971249451817605
leaf_weight=8.0794346770271641 15.403840577229863 53.441266816109419 69.904332898557186 17.678002378903329 16.208103789016604 20.154229381121695 41.133627913892269 20.330052210018039 21.127388693392277 37.857237003743649 4.2180939810350564 2.5030755670741192 4.7673948677256694 2.6630288567394018 5.0084106009453526 21.570875457488 2.5994342910125852
leaf_count=401 941 286 313 361 385 361 311 511 321 298 363 200 282 225 259 1977 225
internal_value=8.86786e-05 0.00613603 0.0143558 0.000636451 0.00249986 0.00040608 -0.00194605 -0.0122431 -0.00052428 0.0058747 -0.0338728 -0.0237951 -0.0333295 0.0123441 -0.021245 -0.0407092 -0.0221196
internal_weight=364.648 310.922 123.346 187.576 174.489 158.281 138.126 59.1354 38.8054 78.9909 53.7257 25.3373 20.1712 5.1661 13.0878 28.3884 6.81753
internal_count=8020 3807 599 3208 2548 2163 1802 1193 682 609 4213 1648 1223 425 660 2565 588
is_linear=0
shrinkage=0.05


Tree=41
num_leaves=21
num_cat=0
split_feature=4 6 4 0 5 1 1 1 5 5 0 0 1 6 5 6 5 4 4 0
split_gain=29.7951 5.4958 3.48276 4.5081 2.7194 2.65623 4.49077 3.16005 2.56519 2.02355 5.07808 1.69132 1.5929 1.35133 0.877143 1.87312 0.56567 0.542572 3.22115 0.908622
threshold=57.500000000000007 2000.0100000000002 1.5000000000000002 8.5000000000000018 9.5000000000000018 58.500000000000007 92.500000000000014 74.500000000000014 20.500000000000004 4.5000000000000009 17.500000000000004 3.5000000000000004 63.500000000000007 19733.915000000005 8.5000000000000018 385.99000000000007 9.5000000000000018 355.50000000000006 234.50000000000003 43.500000000000007
decision_type=2 2 2 2 2 2 2 2 2 2 2 2 2 2 2 2 2 2 2 2
left_child=1 2 -1 11 9 8 7 -7 -3 10 -5 12 14 -8 15 -4 -13 18 19 -2
right_child=17 5 3 4 -6 6 13 -9 -10 -11 -12 16 -14 -15 -16 -17 -18 -19 -20 -21
leaf_value=0.012883000021967054 -0.037679507747474167 0.0071678264836150703 -0.023379186023778045 0.028930315793605929 -0.018045341610612744 0.0069979583808469706 0.0078166530878278542 -0.015523187805563039 0.028476110624355167 0.031368433138179587 -0.029962463130476676 -0.041540891564275775 0.0074639643358704478 0.019342410516973815 -0.028743027945289847 0.013153961704727837 -0.014011305921258172 -0.040275817538415554 0.010000754051135059 -0.0091387327089442385
leaf_weight=19.778065836057067 16.209724615328021 27.451860431581736 5.2971388492733293 5.4884342066943699 6.6718920227140179 29.51090881228447 68.336111769080162 29.081046555191278 31.549159772694111 8.1887906044721586 5.1601403718814254 8.3537494810298067 7.1257120138034216 43.898837342858315 8.467509722337125 4.9595301896333694 5.87200410850346 27.134709314443171 4.6176726957783094 5.1424263166263691
leaf_count=365 992 267 276 227 123 206 383 200 199 211 256 375 134 181 164 144 130 2548 375 311
internal_value=0.000207973 0.00610251 -0.00465206 -0.0101648 0.00600621 0.0101027 0.00680231 -0.00432343 0.0191219 0.0154393 0.000166606 -0.0202543 -0.0111961 0.0125845 -0.0183324 -0.00645002 -0.0333051 -0.0337295 -0.0244987 -0.0321772
internal_weight=368.295 315.191 85.363 65.5849 25.5093 229.828 170.827 58.592 59.001 18.8374 10.6486 40.0756 25.8499 112.235 18.7242 10.2567 14.2258 53.1045 25.9698 21.3522
internal_count=8067 3841 2405 2040 817 1436 970 406 466 694 483 1223 718 564 584 420 505 4226 1678 1303
is_linear=0
shrinkage=0.05


Tree=42
num_leaves=15
num_cat=0
split_feature=4 2 6 2 4 4 2 6 2 1 6 2 6 3
split_gain=29.8492 12.6176 2.52835 2.69308 3.60879 5.8206 3.24779 2.47834 1.93685 1.90613 2.44382 2.0127 1.86621 0.809461
threshold=58.500000000000007 16674.975000000002 552.85000000000014 11092.380000000003 19.500000000000004 5.5000000000000009 6849.6200000000008 10988.855000000001 63629.365000000005 20.500000000000004 162.55000000000004 3687.1550000000007 1834.7900000000002 140.50000000000003
decision_type=2 2 2 2 2 2 2 2 2 2 2 2 2 2
left_child=1 2 9 4 5 6 12 -3 -9 10 -1 -11 -4 -2
right_child=13 7 3 -5 -6 -7 -8 8 -10 11 -12 -13 -14 -15
leaf_value=-0.022293891593837083 -0.037422129626421934 0.0063037316538624684 0.0081428370443063693 -0.012674927251937926 0.021486100018449028 -0.021960464658606339 0.02092682579661841 0.026453807092972438 0.01169197858397622 -0.039006662577519439 0.013928833057717133 -0.00096873147363640822 -0.014513956964617962 -0.0077324352893181365
leaf_weight=6.7849073354154843 46.672705926932395 53.258083349093795 16.598509084433317 36.470154389739037 18.710232973098755 23.098838407546282 22.050466477870941 53.238711208105087 46.413696497678757 10.513260239735244 7.9791943235322833 4.9600053392350665 15.915069222450255 3.6616649692878118
leaf_count=389 3976 366 270 300 352 397 188 238 196 534 312 170 138 159
internal_value=-0.000652496 0.00510984 -0.00454793 -0.00147638 0.00293298 -0.00196398 0.00697839 0.0153357 0.0199437 -0.0171135 -0.00339125 -0.02832 -0.00314583 -0.0356403
internal_weight=366.325 315.991 163.081 132.843 96.3731 77.6629 54.564 152.91 99.6524 30.2374 14.7641 15.4733 32.5136 50.3344
internal_count=7985 3850 3050 1645 1345 993 596 800 434 1405 701 704 408 4135
is_linear=0
shrinkage=0.05


Tree=43
num_leaves=16
num_cat=0
split_feature=6 2 2 2 2 2 5 4 2 0 0 6 0 6 7
split_gain=24.0527 6.06503 3.26147 3.1649 3.62281 4.6344 5.43369 6.32939 2.39366 6.68729 1.83391 1.87519 1.49258 1.88402 0.194082
threshold=377.39500000000004 15903.580000000002 5716.5600000000004 13222.275000000003 2011.1200000000001 9356.0350000000017 44.500000000000007 11.500000000000002 31425.430000000004 1.0000000180025095e-35 1.0000000180025095e-35 111.74000000000001 13.500000000000002 1306.2750000000003 2.5000000000000004
decision_type=2 2 2 2 2 2 2 2 2 2 2 2 2 2 2
left_child=2 3 10 4 -2 6 7 -6 -3 -10 11 -1 13 -9 -12
right_child=1 8 -4 -5 5 -7 -8 12 9 -11 14 -13 -14 -15 -16
leaf_value=-0.025087117744198747 0.021555855358153728 0.016937228601783341 0.015600774736642415 -0.023630128167195334 -0.030156229472888291 0.011675273878268238 0.015400679233497683 -0.0065933012478474121 0.017708184822702488 -0.0081730380281521721 -0.025808162510490031 0.016430055079608055 -0.012401655525441653 0.022996771408313126 -0.040684756158843635
leaf_weight=3.904738816432654 12.837473344989119 63.067286089062691 2.5215388843789688 17.057405345141888 36.818303985521197 29.595945345237851 14.463869780302046 9.0745968874543959 46.287865951657295 49.902360208332539 20.241911729797721 3.1995706912130117 11.54979073256254 9.1240193955600244 33.013479343615472
leaf_count=307 327 400 120 142 585 272 111 269 201 245 1856 140 238 145 2697
internal_value=-0.00307589 0.00287975 -0.0306822 -0.00465827 -0.00170228 -0.00473609 -0.0108671 -0.0168574 0.00950622 0.00438832 -0.0330541 -0.00688725 0.000464859 0.00905004 -0.0361691
internal_weight=362.66 299.779 62.8812 140.521 123.464 110.627 81.0306 66.5667 159.258 96.1902 60.3597 7.10431 29.7484 18.1986 53.2554
internal_count=8055 2935 5120 2089 1947 1620 1348 1237 846 446 5000 447 652 414 4553
is_linear=0
shrinkage=0.05


end of trees

feature_importances:
Column_6=135
Column_4=103
Column_2=81
Column_5=73
Column_0=67
Column_3=66
Column_1=55
Column_8=27
Column_7=1

parameters:
[boosting: gbdt]
[objective: binary]
[metric: auc,binary_logloss]
[tree_learner: serial]
[device_type: cpu]
[data_sample_strategy: bagging]
[data: ]
[valid: ]
[num_iterations: 2000]
[learning_rate: 0.05]
[num_leaves: 31]
[num_threads: -1]
[seed: 20260825]
[deterministic: 0]
[force_col_wise: 0]
[force_row_wise: 0]
[histogram_pool_size: -1]
[max_depth: -1]
[min_data_in_leaf: 200]
[min_sum_hessian_in_leaf: 0.001]
[bagging_fraction: 0.8]
[pos_bagging_fraction: 1]
[neg_bagging_fraction: 1]
[bagging_freq: 1]
[bagging_seed: 20260825]
[bagging_by_query: 0]
[feature_fraction: 0.8]
[feature_fraction_bynode: 1]
[feature_fraction_seed: 20260825]
[extra_trees: 0]
[extra_seed: 27901]
[early_stopping_round: 0]
[early_stopping_min_delta: 0]
[first_metric_only: 0]
[max_delta_step: 0]
[lambda_l1: 0]
[lambda_l2: 2]
[linear_lambda: 0]
[min_gain_to_split: 0]
[drop_rate: 0.1]
[max_drop: 50]
[skip_drop: 0.5]
[xgboost_dart_mode: 0]
[uniform_drop: 0]
[drop_seed: 29628]
[top_rate: 0.2]
[other_rate: 0.1]
[min_data_per_group: 100]
[max_cat_threshold: 32]
[cat_l2: 10]
[cat_smooth: 10]
[max_cat_to_onehot: 4]
[top_k: 20]
[monotone_constraints: ]
[monotone_constraints_method: basic]
[monotone_penalty: 0]
[feature_contri: ]
[forcedsplits_filename: ]
[refit_decay_rate: 0.9]
[cegb_tradeoff: 1]
[cegb_penalty_split: 0]
[cegb_penalty_feature_lazy: ]
[cegb_penalty_feature_coupled: ]
[path_smooth: 0]
[interaction_constraints: ]
[verbosity: -1]
[saved_feature_importance_type: 0]
[use_quantized_grad: 0]
[num_grad_quant_bins: 4]
[quant_train_renew_leaf: 0]
[stochastic_rounding: 1]
[linear_tree: 0]
[max_bin: 255]
[max_bin_by_feature: ]
[min_data_in_bin: 3]
[bin_construct_sample_cnt: 200000]
[data_random_seed: 4775]
[is_enable_sparse: 1]
[enable_bundle: 1]
[use_missing: 1]
[zero_as_missing: 0]
[feature_pre_filter: 1]
[pre_partition: 0]
[two_round: 0]
[header: 0]
[label_column: ]
[weight_column: ]
[group_column: ]
[ignore_column: ]
[categorical_feature: ]
[forcedbins_filename: ]
[precise_float_parser: 0]
[parser_config_file: ]
[objective_seed: 9445]
[num_class: 1]
[is_unbalance: 0]
[scale_pos_weight: 1]
[sigmoid: 1]
[boost_from_average: 1]
[reg_sqrt: 0]
[alpha: 0.9]
[fair_c: 1]
[poisson_max_delta_step: 0.7]
[tweedie_variance_power: 1.5]
[lambdarank_truncation_level: 30]
[lambdarank_norm: 1]
[label_gain: ]
[lambdarank_position_bias_regularization: 0]
[eval_at: ]
[multi_error_top_k: 1]
[auc_mu_weights: ]
[num_machines: 1]
[local_listen_port: 12400]
[time_out: 120]
[machine_list_filename: ]
[machines: ]
[gpu_platform_id: -1]
[gpu_device_id: -1]
[gpu_use_dp: 0]
[num_gpu: 1]

end of parameters

pandas_categorical:null
