tree
version=v4
num_class=1
num_tree_per_iteration=1
label_index=0
max_feature_idx=142
objective=binary sigmoid:1
feature_names=Column_0 Column_1 Column_2 Column_3 Column_4 Column_5 Column_6 Column_7 Column_8 Column_9 Column_10 Column_11 Column_12 Column_13 Column_14 Column_15 Column_16 Column_17 Column_18 Column_19 Column_20 Column_21 Column_22 Column_23 Column_24 Column_25 Column_26 Column_27 Column_28 Column_29 Column_30 Column_31 Column_32 Column_33 Column_34 Column_35 Column_36 Column_37 Column_38 Column_39 Column_40 Column_41 Column_42 Column_43 Column_44 Column_45 Column_46 Column_47 Column_48 Column_49 Column_50 Column_51 Column_52 Column_53 Column_54 Column_55 Column_56 Column_57 Column_58 Column_59 Column_60 Column_61 Column_62 Column_63 Column_64 Column_65 Column_66 Column_67 Column_68 Column_69 Column_70 Column_71 Column_72 Column_73 Column_74 Column_75 Column_76 Column_77 Column_78 Column_79 Column_80 Column_81 Column_82 Column_83 Column_84 Column_85 Column_86 Column_87 Column_88 Column_89 Column_90 Column_91 Column_92 Column_93 Column_94 Column_95 Column_96 Column_97 Column_98 Column_99 Column_100 Column_101 Column_102 Column_103 Column_104 Column_105 Column_106 Column_107 Column_108 Column_109 Column_110 Column_111 Column_112 Column_113 Column_114 Column_115 Column_116 Column_117 Column_118 Column_119 Column_120 Column_121 Column_122 Column_123 Column_124 Column_125 Column_126 Column_127 Column_128 Column_129 Column_130 Column_131 Column_132 Column_133 Column_134 Column_135 Column_136 Column_137 Column_138 Column_139 Column_140 Column_141 Column_142
feature_infos=[0:344] [0:175] [0:90] [0:60] [0:30] [0:7] [0:1300322] [0:834119.59999999998] [0:427813.65999999997] [0:349560.53000000003] [0:208163.19] [0:77806.800000000003] [0:56639] [0:24623] [0:13015] [0:6698] [0:2757] [0:490] [0:17722] [0:25296.5] [0:9188.6149999999998] [0:2584] [0:2584] [0:2584] [0:2584] [0:2584] [0:2584] [0:2584] [0:2584] [0:2584] [0:71112] [0:37067] [0:15364] [0:8210] [0:10983] [0:6796] [0:3277] [0:1055] [0:17323] [0:11328] [0:10277] [0:3145] [0:17125] [0:9533] [0:8618] [0:2722] [0:1133150.8] [0:645802.06000000006] [0:329430.56] [0:172898.04999999999] [0:162667] [0:70544] [0:38143] [0:22497] [0:332836] [0:146372] [0:62822] [0:32415] [0:37332] [0:14626] [0:3129] [0:1164] [0:506] [0:258] [0:112] [0:88] [0:37128] [0:14500] [0:3063] [0:1160] [0:2757] [0:1444] [0:490] [0:365] [0:30] [0:14] [0:7] [0:3] [0:30] [0:14] [0:7] [0:3] [0:30] [0:14] [0:7] [0:3] [0:30] [0:14] [0:7] [0:3] [0:30] [0:14] [0:7] [0:3] [0:30] [0:14] [0:7] [0:3] [0:30] [0:14] [0:7] [0:3] [0:30] [0:14] [0:7] [0:3] [0:30] [0:14] [0:7] [0:3] [0:30] [0:14] [0:7] [0:3] [0:2.4959570000000002] [0:2] [0:1] [0:1.1285547] [0:0.5] [0:4] [0:3] [0:3] [0:3] [0:3] [0:3] [0:5] [0:5] [0:87] [0:89] [0:93] [0:94] [0:95] [0:95] [0:98] [0:99] [0:3] [0:3] [0:3] [0:3] [0:9] [0:9] [0:9] [0:9]
tree_sizes=1065 1083 1199 1072 1070 984 1182 1095 1072 972 1180 1202 980 1072 1177 1095 1095 1097 1280 1209 1185 1212 972 1203 1301 1101 1315 1201 1319 1218 1487 1304 1330 1308 1215 1316 1317 1200 1105 1213

Tree=0
num_leaves=9
num_cat=0
split_feature=8 70 54 6 46 7 85 55
split_gain=1330.63 143.612 82.4127 27.9092 13.4813 5.39012 0.83988 0.198949
threshold=1970.3650000000002 8.5000000000000018 482.50000000000006 3038.9250000000006 10864.275500000002 988.04500000000019 2.5000000000000004 80.500000000000014
decision_type=2 2 2 2 2 2 2 2
left_child=2 -2 5 4 6 7 -4 -1
right_child=1 -3 3 -5 -6 -7 -8 -9
leaf_value=-2.7927931267136525 -2.7064528274126709 -2.5927584763265035 -2.7835402377705734 -2.7342617454442961 -2.7506930869705193 -2.7707040464300499 -2.7692640242991167 -2.7815244396209367
leaf_weight=239.85694794729352 24.024804942309856 32.070321016013622 20.002046905457973 26.483157075941563 19.052229035645723 19.108100675046444 17.711309690028429 44.585568241775036
leaf_count=4293 430 574 358 474 341 342 317 798
internal_value=-2.76285 -2.63266 -2.78318 -2.75713 -2.76895 -2.79034 -2.7788 -2.79144
internal_weight=442.894 56.0951 386.799 83.2487 56.7656 303.551 37.7134 284.443
internal_count=7927 1004 6923 1490 1016 5433 675 5091
is_linear=0
shrinkage=1


Tree=1
num_leaves=9
num_cat=0
split_feature=9 2 54 8 52 20 37 30
split_gain=1235.5 113.251 98.8078 33.3234 13.0296 7.07633 3.13043 2.62463
threshold=1568.5450000000003 15.500000000000002 597.50000000000011 513.27500000000009 1.5000000000000002 51.571430000000007 8.5000000000000018 2290.0000000000005
decision_type=2 2 2 2 2 2 2 2
left_child=2 -2 5 6 -5 -1 -4 -7
right_child=1 -3 3 4 -6 7 -8 -9
leaf_value=-0.029237115925170597 0.055023174409728641 0.1594759841359224 -0.017349549840502177 0.0047499568315023648 0.040217060273285872 -0.019092511009752462 -0.00024109808012143011 -0.0035685058618984567
leaf_weight=257.64323844015598 23.19525908306241 33.479367557913065 17.323429379612207 17.748426456004381 23.196411825716496 34.508806586265564 20.409815836697817 20.238506831228733
leaf_count=4727 387 524 312 311 406 629 364 366
internal_value=0 0.124896 -0.019453 0.00996202 0.0273596 -0.0269489 -0.00955761 -0.0143837
internal_weight=447.743 56.6746 391.069 78.6781 40.9448 312.391 37.7332 54.7473
internal_count=8026 911 7115 1393 717 5722 676 995
is_linear=0
shrinkage=0.03


Tree=2
num_leaves=10
num_cat=0
split_feature=8 15 7 54 9 54 66 39 33
split_gain=1001.7 102.662 94.493 33.8014 20.5091 11.7879 4.61396 3.17022 2.09442
threshold=2094.8850000000007 12.500000000000002 928.69000000000017 1519.5000000000002 4526.7400000000007 513.50000000000011 4.5000000000000009 69.500000000000014 350.50000000000006
decision_type=2 2 2 2 2 2 2 2 2
left_child=2 -2 5 6 -3 8 -4 -7 -1
right_child=1 4 3 -5 -6 7 -8 -9 -10
leaf_value=-0.029398939917328584 0.033936890031626907 0.073521550133779978 -0.012797716820685404 0.038596281525329741 0.15763292735887988 -0.015362507393032906 0.005082049844833323 3.6150295771439165e-05 -0.010868954662470825
leaf_weight=255.97454365715384 19.454842925071716 21.860579468309879 19.865406334400177 22.551956053823233 22.907206438481808 23.754768285900354 21.609970092773438 17.371687684208155 16.204626157879829
leaf_count=4818 315 311 359 386 317 433 383 310 302
internal_value=-0.000480389 0.104501 -0.0195206 0.0127546 0.128375 -0.0262602 -0.00361454 -0.00923411 -0.0285658
internal_weight=441.556 64.2226 377.333 64.0273 44.7678 313.306 41.4754 41.1265 272.179
internal_count=7934 943 6991 1128 628 5863 742 743 5120
is_linear=0
shrinkage=0.03


Tree=3
num_leaves=9
num_cat=0
split_feature=10 6 55 55 58 7 48 32
split_gain=916.633 124.238 76.3701 23.4539 16.3225 11.1257 4.71164 2.1491
threshold=806.30000000000007 2748.3450000000007 1530.0000000000002 207.50000000000003 33.500000000000007 2950.8000000000006 1201.0436500000003 686.50000000000011
decision_type=2 2 2 2 2 2 2 2
left_child=1 4 -2 -3 7 -5 -6 -1
right_child=2 3 -4 5 6 -7 -8 -9
leaf_value=-0.029164400492033612 0.041808814134872689 -0.005553830518546141 0.12584932655878983 0.011405913006880399 -0.016284690714978314 0.047533738866466092 0 -0.012331649187283647
leaf_weight=248.70101742073894 22.022094905376434 17.54577462002635 40.563187353312969 19.071048468351364 29.371642705053091 19.774248532950878 26.841800842434168 20.896345339715481
leaf_count=4798 319 311 525 325 544 310 478 393
internal_value=-0.000130786 -0.0179562 0.10178 0.0216147 -0.0250736 0.0334623 -0.00892371 -0.0281626
internal_weight=444.787 382.202 62.5853 56.3911 325.811 38.8453 56.2134 269.597
internal_count=8003 7159 844 946 6213 635 1022 5191
is_linear=0
shrinkage=0.03


Tree=4
num_leaves=9
num_cat=0
split_feature=8 55 54 47 9 6 18 7
split_gain=888.326 90.0178 68.2204 17.5327 10.6858 5.68655 2.6508 0.755948
threshold=1686.4600000000003 1150.0000000000002 472.50000000000006 3167.9332000000009 425.87500000000006 1649.3500000000001 103.94166700000001 10671.655000000001
decision_type=2 2 2 2 2 2 2 2
left_child=2 -2 5 6 -5 -1 -4 -3
right_child=1 7 3 4 -6 -7 -8 -9
leaf_value=-0.029768805948764802 0.033667716554696053 0.066632672394379144 -0.017862649173717993 0 0.027813299751802932 -0.0095064153160721934 -0.0014610073383406039 0.12536267382030014
leaf_weight=256.5095028206706 30.347946044057608 25.460801865905523 20.352866429835558 22.803075794130564 20.96736628562212 21.649989798665047 18.473400820046663 29.231578949838877
leaf_count=5071 442 331 376 406 346 407 331 330
internal_value=-0.00063133 0.0837528 -0.021437 0.00225395 0.0146524 -0.0284404 -0.0114581 0.106145
internal_weight=445.797 85.0403 360.756 82.5967 43.7704 278.159 38.8263 54.6924
internal_count=8040 1103 6937 1459 752 5478 707 661
is_linear=0
shrinkage=0.03


Tree=5
num_leaves=8
num_cat=0
split_feature=9 58 71 48 0 8 32
split_gain=766.314 102.6 46.7766 18.7143 11.6147 6.3604 1.49761
threshold=1636.5600000000002 47.500000000000007 4.5000000000000009 1160.6810000000003 16.500000000000004 523.81500000000017 773.50000000000011
decision_type=2 2 2 2 2 2 2
left_child=1 4 -2 -3 6 -5 -1
right_child=2 3 -4 5 -6 -7 -8
leaf_value=-0.029112963628281443 0.042783398982064964 -0.0066634196114556945 0.10360874114968643 0.0046961406833245373 -0.0017081765900864051 0.029413968955006142 -0.012736103090527025
leaf_weight=252.35673730075359 30.714304741472006 29.254133019596338 45.101340010762215 17.805057406425476 17.69849831610918 30.951886810362339 19.905329767614603
leaf_count=5107 404 526 481 319 325 486 381
internal_value=-0.00039693 -0.0185726 0.0833244 0.0112796 -0.02671 0.0219429 -0.028221
internal_weight=443.787 367.972 75.8156 78.0111 289.961 48.7569 272.262
internal_count=8029 7144 885 1331 5813 805 5488
is_linear=0
shrinkage=0.03


Tree=6
num_leaves=10
num_cat=0
split_feature=6 58 55 10 6 55 18 115 32
split_gain=674.275 91.1483 65.9652 20.5874 11.108 8.8625 5.57375 3.18265 2.24482
threshold=6319.3550000000005 46.500000000000007 1118.5000000000002 571.69500000000005 2579.2200000000007 130.50000000000003 94.531665000000018 0.079638600000000018 677.50000000000011
decision_type=2 2 2 2 2 2 2 2 2
left_child=1 5 -2 4 7 8 -7 -3 -1
right_child=2 3 -4 -5 -6 6 -8 -9 -10
leaf_value=-0.02935609856838042 0.028705339562872471 0 0.088915446630345937 0.033828411419225143 0.017346165904950483 -0.018830388232435033 0.0014413402870365687 -0.015779291335638827 -0.010497219461760729
leaf_weight=219.08294171094894 31.701064307242632 19.390599429607391 60.58993998169899 18.869990479201078 17.954336673021317 24.810501698404551 17.379623509943485 18.935501754283905 15.905251175165175
leaf_count=4560 457 348 640 258 293 492 329 351 312
internal_value=0.00088562 -0.0181549 0.0709261 0.0104734 0.000276885 -0.0260181 -0.0108939 -0.00845223 -0.0283874
internal_weight=444.62 352.329 92.291 75.1504 56.2804 277.178 42.1901 38.3261 234.988
internal_count=8040 6943 1097 1250 992 5693 821 699 4872
is_linear=0
shrinkage=0.03


Tree=7
num_leaves=9
num_cat=0
split_feature=8 9 58 7 16 56 91 30
split_gain=630.222 62.4958 61.0481 12.9296 7.22325 5.20796 4.89044 2.41834
threshold=1686.4600000000003 3956.8000000000006 45.500000000000007 552.85000000000014 6.5000000000000009 120.50000000000001 2.5000000000000004 2654.5000000000005
decision_type=2 2 2 2 2 2 2 2
left_child=2 4 5 -4 -2 7 -5 -1
right_child=1 -3 3 6 -6 -7 -8 -9
leaf_value=-0.029347453858356676 0.016814303993141121 0.088329661385405087 -0.012378736153373461 0.0014873646709162409 0.046084139251003256 -0.0090926425579921453 0.02123813743527966 -0.012792835746565773
leaf_weight=222.48386330530047 24.720180861651897 47.919757127761841 22.494432162493467 22.612864535301924 26.313277099281549 22.554877080023289 24.125390112400055 23.226640302687883
leaf_count=4745 345 455 422 387 287 441 385 461
internal_value=-0.00072776 0.0639437 -0.0203897 0.00430125 0.0349393 -0.0267788 0.0130395 -0.0281287
internal_weight=436.451 98.9532 337.498 69.2327 51.0335 268.265 46.7383 245.711
internal_count=7928 1087 6841 1194 632 5647 772 5206
is_linear=0
shrinkage=0.03


Tree=8
num_leaves=9
num_cat=0
split_feature=7 3 58 9 7 49 6 10
split_gain=612.512 64.0278 50.9683 16.1514 14.9687 8.10724 6.3584 0.179881
threshold=2762.9550000000004 9.5000000000000018 40.500000000000007 4746.6450000000013 610.84000000000003 1222.2509000000002 2280.2200000000007 109.84500000000001
decision_type=2 2 2 2 2 2 2 2
left_child=2 -2 6 -3 -4 -6 7 -1
right_child=1 3 4 -5 5 -7 -8 -9
leaf_value=-0.028441284949048042 0.025156827876163978 0.046972333384173504 -0.013938419612319661 0.094112221429299522 0 0.024104832234323196 -0.004207244456869751 -0.012299046869337462
leaf_weight=226.48789506778121 41.606325685977936 32.959049090743065 28.304359033703804 36.908334627747536 24.507752750068903 19.906719923019409 14.375428613275288 14.831042822450398
leaf_count=4941 564 346 540 305 419 300 277 307
internal_value=0.00023959 0.0594948 -0.0204191 0.0766971 0.00149571 0.0120502 -0.0266183 -0.0277799
internal_weight=439.887 111.474 328.413 69.8674 72.7188 44.4145 255.694 241.319
internal_count=7999 1215 6784 651 1259 719 5525 5248
is_linear=0
shrinkage=0.03


Tree=9
num_leaves=8
num_cat=0
split_feature=9 12 71 27 32 31 61
split_gain=560.556 65.2512 48.9807 14.2206 8.70665 2.34401 1.77162
threshold=1070.0800000000002 18.500000000000004 4.5000000000000009 981.50000000000011 741.50000000000011 1984.5000000000002 7.5000000000000009
decision_type=2 2 2 2 2 2 2
left_child=1 4 -2 -3 6 -6 -1
right_child=2 3 -4 -5 5 -7 -8
leaf_value=-0.028756538695920035 0.027936867066332142 -0.0028216660923671712 0.072781893626656158 0.026286266996868996 0 -0.015337006781170214 -0.0098725408824661652
leaf_weight=222.98768561705947 47.55482404306531 32.864779897034168 66.2121153883636 20.609752885997295 16.192963033914566 16.502996664494276 13.943791147321461
leaf_count=4970 586 574 586 343 319 312 278
internal_value=0.000251141 -0.0199334 0.0561282 0.00942877 -0.025877 -0.00884395 -0.0279342
internal_weight=436.869 323.102 113.767 53.4745 269.627 32.696 236.931
internal_count=7968 6796 1172 917 5879 631 5248
is_linear=0
shrinkage=0.03


Tree=10
num_leaves=10
num_cat=0
split_feature=7 7 9 66 69 45 54 9 33
split_gain=492.999 53.5191 45.6163 15.1363 9.35277 4.6724 3.78828 3.59328 2.88173
threshold=2950.8000000000006 498.55000000000007 3956.8000000000006 8.5000000000000018 2.5000000000000004 15.500000000000002 513.50000000000011 170.30000000000004 329.50000000000006
decision_type=2 2 2 2 2 2 2 2 2
left_child=1 7 4 6 -2 -5 -3 8 -1
right_child=2 3 -4 5 -6 -7 -8 -9 -10
leaf_value=-0.028971902623636751 0.014346996562219777 -0.016741152243135524 0.071893143454947073 0.0015864458553908347 0.042240361423899662 0.022115046830513831 0 -0.0081621325703363761 -0.010728155737122677
leaf_weight=198.69232679903507 32.411108739674091 26.778458185493946 54.700661472976208 20.720742281526327 26.200654029846191 20.219342384487391 17.447620842605829 16.446961633861065 19.064311433583498
leaf_count=4562 418 554 444 355 272 297 304 341 390
internal_value=-0.00018163 -0.0193336 0.052207 0.000868891 0.0293918 0.013355 -0.0105673 -0.0266073 -0.0277187
internal_weight=432.682 319.37 113.312 85.1662 58.6118 40.9401 44.2261 234.204 217.757
internal_count=7937 6803 1134 1510 690 652 858 5293 4952
is_linear=0
shrinkage=0.03


Tree=11
num_leaves=10
num_cat=0
split_feature=8 62 58 111 48 6 6 27 6
split_gain=470.501 52.4058 37.2393 15.1881 11.3089 8.10193 5.86957 5.3276 4.1769
threshold=1065.0550000000001 20.500000000000004 29.500000000000004 2.5000000000000004 1201.0436500000003 8170.7000000000007 1649.3500000000001 827.50000000000011 928.69000000000017
decision_type=2 2 2 2 2 2 2 2 2
left_child=2 3 6 5 8 -2 -1 -6 -4
right_child=1 -3 4 -5 7 -7 -8 -9 -10
leaf_value=-0.028061275425098547 0.0025576322340907782 0.073236189383589306 -0.022300531816297233 0.04308011719020987 -0.0014569056867821605 0.026805174347542371 -0.0053288761346869992 0.018689330692856755 -0.0015180268618141923
leaf_weight=208.39353527128696 25.751751236617565 41.565562643110752 16.871066696941853 43.531378969550133 20.409696184098721 24.939165458083153 15.258987080305813 17.958497833460569 18.563088435679674
leaf_count=4906 381 354 357 382 363 288 311 303 347
internal_value=0.000318771 0.0456517 -0.0207386 0.0302544 -0.0018584 0.016092 -0.0267264 0.00869438 -0.0133181
internal_weight=433.243 135.788 297.455 94.2223 73.8023 50.6909 223.653 38.3682 35.4342
internal_count=7992 1405 6587 1051 1370 669 5217 666 704
is_linear=0
shrinkage=0.03


Tree=12
num_leaves=8
num_cat=0
split_feature=7 58 7 48 46 31 18
split_gain=467.084 49.4869 35.5694 12.0515 6.54714 5.08623 3.18084
threshold=2520.2100000000005 46.500000000000007 10671.655000000001 2381.7958000000003 13600.6795 1333.5000000000002 99.933335000000014
decision_type=2 2 2 2 2 2 2
left_child=1 5 4 6 -2 -1 -3
right_child=2 3 -4 -5 -6 -7 -8
leaf_value=-0.027834559589439044 0.013363469784699237 -0.015707026670963693 0.063421858523447533 0.01628463231111479 0.03627905477908383 -0.010122545662895785 0.00063776028179987631
leaf_weight=213.01205913722515 30.013272166252136 17.009970676153898 61.55305653065443 28.874818596988916 41.09162374958396 26.776063710451126 16.928507674485445
leaf_count=5103 397 325 471 451 413 556 300
internal_value=0.00046783 -0.0200585 0.0464265 0.00324292 0.028317 -0.0261652 -0.00813401
internal_weight=435.259 302.601 132.658 62.8133 71.1049 239.788 33.9385
internal_count=8016 6735 1281 1076 810 5659 625
is_linear=0
shrinkage=0.03


Tree=13
num_leaves=9
num_cat=0
split_feature=7 15 55 9 7 54 18 54
split_gain=416.793 49.942 38.5943 12.8047 9.7148 9.19561 3.90686 3.6711
threshold=2000.0100000000002 12.500000000000002 268.50000000000006 4746.6450000000013 552.85000000000014 1145.5000000000002 99.933335000000014 102.50000000000001
decision_type=2 2 2 2 2 2 2 2
left_child=2 5 6 -3 -4 -2 -1 -8
right_child=1 3 4 -5 -6 -7 7 -9
leaf_value=-0.028299300300134351 0 0.034213835470690963 -0.011159154108486224 0.065867418866050367 0.011715926600777598 0.024415808677812061 -0.022596980212632154 -0.0043198754233111187
leaf_weight=179.86047748476267 22.388711549341679 46.154314320534468 25.40447648614645 50.041001580655575 31.807628020644188 29.902364227920771 21.463043287396431 24.481787264347076
leaf_count=4420 343 425 516 333 516 357 521 532
internal_value=0.000785911 0.0407389 -0.0204669 0.0532692 0.00123685 0.014789 -0.0259386 -0.0145322
internal_weight=431.504 148.486 283.017 96.1953 57.2121 52.2911 225.805 45.9448
internal_count=7963 1458 6505 758 1032 700 5473 1053
is_linear=0
shrinkage=0.03


Tree=14
num_leaves=10
num_cat=0
split_feature=9 58 55 9 48 41 9 6 32
split_gain=397.591 45.406 37.7333 9.11193 8.93554 9.14556 7.62511 4.95938 2.17515
threshold=1030.7150000000004 33.500000000000007 893.50000000000011 74.90000000000002 1236.2302000000002 26.500000000000004 3956.8000000000006 998.83000000000004 403.50000000000006
decision_type=2 2 2 2 2 2 2 2 2
left_child=1 3 -2 -1 7 -6 -4 -3 -5
right_child=2 4 6 8 5 -7 -8 -9 -10
leaf_value=-0.028390720104548635 0.012435959119764065 -0.020077125047094992 0.033677165006042793 -0.015927832253041587 0.021333105933769674 -0.0035977248560720505 0.061647897815133926 0 -0.0010004348560809962
leaf_weight=178.17636390030384 33.662035904824734 15.317626692354677 43.144669570028782 17.741215229034424 21.87269688397646 22.016604673117399 57.093577206134796 21.146610721945763 19.284955069422722
leaf_count=4516 399 334 408 420 372 338 373 381 410
internal_value=0.000911691 -0.0184625 0.0429093 -0.0255084 0.000620932 0.0094311 0.0519233 -0.00948 -0.0095539
internal_weight=429.456 295.556 133.9 215.203 80.3535 43.8893 100.238 36.4642 37.0262
internal_count=7951 6771 1180 5346 1425 710 781 715 830
is_linear=0
shrinkage=0.03


Tree=15
num_leaves=9
num_cat=0
split_feature=6 7 40 49 21 7 8 36
split_gain=370.774 49.5906 31.1812 9.12646 8.38345 6.01726 2.19488 0.063485
threshold=2748.3450000000007 5330.7600000000011 66.500000000000014 690.02227000000005 1636.5000000000002 424.15000000000003 382.84500000000008 13.500000000000002
decision_type=2 2 2 2 2 2 2 2
left_child=2 3 5 -2 -3 7 -7 -1
right_child=1 4 -4 -5 -6 6 -8 -9
leaf_value=-0.028721903846860391 0.00031885087146042837 0.028597743555681565 0.012227415119124035 0.022014264036107567 0.05583027660474689 -0.0028159768961332592 -0.017580450884172545 -0.015773789115837537
leaf_weight=169.22794767469168 31.562971472740173 38.761946968734264 18.603863947093487 38.948683988302946 61.566498648375273 19.831008948385715 26.127880904823542 27.026470307260752
leaf_count=4403 494 303 331 476 468 442 504 622
internal_value=0.000250051 0.0340768 -0.0220749 0.0131656 0.0473084 -0.0249643 -0.0124054 -0.0274495
internal_weight=431.657 170.84 260.817 70.5117 100.328 242.213 45.9589 196.254
internal_count=8043 1741 6302 970 771 5971 946 5025
is_linear=0
shrinkage=0.03


Tree=16
num_leaves=9
num_cat=0
split_feature=12 9 59 58 115 32 13 9
split_gain=363.834 53.3369 23.9278 23.6746 8.36127 6.9136 2.61306 1.40773
threshold=24.500000000000004 3956.8000000000006 38.500000000000007 28.500000000000004 0.081437430000000019 773.50000000000011 47.500000000000007 170.30000000000004
decision_type=2 2 2 2 2 2 2 2
left_child=3 2 -2 5 -5 7 -4 -1
right_child=1 -3 6 4 -6 -7 -8 -9
leaf_value=-0.028802718055605782 -0.00063716494311363522 0.055098478095111925 0.018519302305893198 0.004815394511854732 -0.01497726988182408 -0.0019048373623638047 0.037917056238348242 -0.010700642680094293
leaf_weight=165.3596419878304 34.524683095514774 67.268737137317657 37.84288926422596 34.613757692277431 32.017411652952433 11.961604796350001 29.263942033052444 14.81936342269182
leaf_count=4429 540 426 455 598 626 263 252 339
internal_value=0.00116589 0.0348724 0.0193885 -0.0210215 -0.00486749 -0.0262818 0.029229 -0.027724
internal_weight=427.672 168.9 101.632 258.772 66.6312 192.141 67.1068 180.179
internal_count=7928 1673 1247 6255 1224 5031 707 4768
is_linear=0
shrinkage=0.03


Tree=17
num_leaves=9
num_cat=0
split_feature=7 88 71 10 18 27 100 30
split_gain=342.643 41.3724 24.481 14.9297 6.23539 5.5673 1.21109 0.299137
threshold=2695.5600000000004 3.5000000000000004 4.5000000000000009 333.69500000000005 98.757690000000011 1001.5000000000001 3.5000000000000004 2654.5000000000005
decision_type=2 2 2 2 2 2 2 2
left_child=1 7 5 4 6 -2 -3 -1
right_child=2 3 -4 -5 -6 -7 -8 -9
leaf_value=-0.02815294544714983 0.0087110354312931911 -0.019712829476924109 0.047621132516152145 0.01613291929132165 0.0017598320097736578 0.028700894308681085 -0.0062640621248945764 -0.01170707001933797
leaf_weight=168.3214925788343 33.176785007119179 27.539840113371611 82.926181107759476 22.64930783957243 26.101882785558701 31.262810118496418 20.55009363219142 14.283538322895764
leaf_count=4541 369 641 546 326 505 316 386 313
internal_value=0.000357825 -0.019058 0.0366912 -0.00280537 -0.00942983 0.0199934 -0.0153796 -0.0272928
internal_weight=426.812 279.446 147.366 96.8411 74.1918 64.4396 48.0899 182.605
internal_count=7943 6712 1231 1858 1532 685 1027 4854
is_linear=0
shrinkage=0.03


Tree=18
num_leaves=11
num_cat=0
split_feature=0 59 54 6 20 36 59 6 6 6
split_gain=316.508 50.5149 21.1617 19.0015 10.57 5.42787 5.1699 2.75509 0.521187 0.683632
threshold=16.500000000000004 176.50000000000003 115.50000000000001 6319.3550000000005 165.59986500000005 27.500000000000004 40.500000000000007 17433.460000000003 547.95000000000016 1199.7850000000001
decision_type=2 2 2 2 2 2 2 2 2 2
left_child=2 3 -1 6 5 8 -2 -5 -4 -10
right_child=1 -3 4 7 -6 -7 -8 -9 9 -11
leaf_value=-0.028992636364350111 -0.00729571997838129 0.051434526920974437 -0.022689815763754593 0.015569476971292875 0.0068194304718926747 0 0.010970180585444965 0.032819312731829323 -0.0026590781365238439 -0.014753619962263426
leaf_weight=143.35067307949066 23.904967460781336 61.406748466193676 35.873744733631611 37.280876465141773 21.598878547549248 16.7850281894207 21.591917682439089 38.862104263156652 13.483889378607275 14.099600125104187
leaf_count=4038 428 413 921 390 341 315 284 291 313 290
internal_value=0.000472888 0.0299088 -0.0216009 0.017322 -0.0101862 -0.015071 0.00130376 0.0260382 -0.0188199 -0.010617
internal_weight=428.238 183.047 245.192 121.64 101.841 80.2423 45.4969 76.143 63.4572 27.5835
internal_count=8024 1806 6218 1393 2180 1839 712 681 1524 603
is_linear=0
shrinkage=0.03


Tree=19
num_leaves=10
num_cat=0
split_feature=6 37 62 129 51 59 32 19 35
split_gain=303.131 30.2539 29.8057 18.0124 15.9636 6.44974 2.53028 1.60792 0.815929
threshold=2748.3450000000007 22.500000000000004 24.500000000000004 49.500000000000007 2.5000000000000004 7.5000000000000009 639.50000000000011 64.381820000000019 31.500000000000004
decision_type=2 2 2 2 2 2 2 2 2
left_child=1 5 3 4 -2 6 -1 -7 -9
right_child=2 -3 -4 -5 -6 7 -8 8 -10
leaf_value=-0.028827648488285559 0.0085468176901618842 0.014475688188074768 0.049463983735309636 0.0041582360263632892 0.036684880032051358 -0.018930276374599778 -0.0069050185589659028 -0.0010623141442429166 -0.01125789767405133
leaf_weight=147.82135212421417 32.483673099428415 16.12250055372715 47.30232897400856 45.526244025677443 60.529183015227318 32.571587081998587 10.610311798751352 18.401859175413847 15.108746383339165
leaf_count=4269 441 277 310 426 571 757 258 415 286
internal_value=0.00077985 -0.0212305 0.0291681 0.0206522 0.0279483 -0.0241195 -0.0277074 -0.0139625 -0.00691348
internal_weight=426.478 240.636 185.841 138.539 93.0129 224.514 158.432 66.0822 33.5106
internal_count=8010 6262 1748 1438 1012 5985 4527 1458 701
is_linear=0
shrinkage=0.03


Tree=20
num_leaves=10
num_cat=0
split_feature=6 54 43 7 12 21 32 32 10
split_gain=284.076 32.9428 19.1999 18.1983 6.7832 5.72464 4.79787 2.24133 1.82954
threshold=2454.4950000000003 1290.5000000000002 58.500000000000007 10671.655000000001 30.500000000000004 1774.5000000000002 677.50000000000011 907.00000000000011 158.95000000000002
decision_type=2 2 2 2 2 2 2 2 2
left_child=2 4 6 5 -2 -3 8 -8 -1
right_child=1 3 -4 -5 -6 -7 7 -9 -10
leaf_value=-0.027657134516019859 -0.0075832198033025898 0.0097896451827789357 0.0022571443050008917 0.04479939537354418 0.013136226121340874 0.028607997523453686 0 -0.016284117874659266 -0.0075332827266416042
leaf_weight=165.61193884909153 20.479336984455585 37.536717761307955 24.61396287381649 71.422335803508759 26.703372307121754 40.655076656490564 13.490702457726004 14.165017727762459 10.940514691174029
leaf_count=4823 355 353 445 416 351 398 313 307 246
internal_value=0.000653016 0.0267568 -0.0218253 0.0334781 0.00399073 0.0208857 -0.0247843 -0.00968778 -0.0267345
internal_weight=425.619 196.797 228.822 149.614 47.1827 78.1918 204.208 27.6557 176.552
internal_count=8007 1873 6134 1167 706 751 5689 620 5069
is_linear=0
shrinkage=0.03


Tree=21
num_leaves=10
num_cat=0
split_feature=6 60 37 129 115 19 59 28 34
split_gain=247.552 36.5798 24.2388 15.5077 14.1277 4.1252 1.1344 0.729285 0.00326144
threshold=2678.6600000000003 90.500000000000014 22.500000000000004 49.500000000000007 0.071216252000000022 64.381820000000019 29.500000000000004 60.500000000000007 84.500000000000014
decision_type=2 2 2 2 2 2 2 2 2
left_child=2 3 5 4 -2 8 7 -7 -1
right_child=1 -3 -4 -5 -6 6 -8 -9 -10
leaf_value=-0.027866653462015594 0.031106275320200601 0.043340644046940914 0.011300901593267857 -0.0017043661672264537 0.0065995491847715805 -0.0070872978639173519 -0.0031421918628887673 -0.02017812551578536 -0.011111418451770242
leaf_weight=140.7240794673562 48.978711519390345 59.90144070237875 15.60075795650482 36.379933994263411 43.450513623654842 18.091497421264648 12.568089623004196 29.574097353965044 12.225501440465449
leaf_count=4195 496 373 268 367 488 428 238 816 273
internal_value=-0.000496485 0.024553 -0.0213057 0.0144108 0.0206697 -0.0239649 -0.0145094 -0.0166389 -0.0270165
internal_weight=417.495 188.711 228.784 128.809 92.4292 213.183 60.2337 47.6656 152.95
internal_count=7942 1724 6218 1351 984 5950 1482 1244 4468
is_linear=0
shrinkage=0.03


Tree=22
num_leaves=8
num_cat=0
split_feature=0 9 20 107 19 32 32
split_gain=261.074 41.5438 17.6908 17.5929 8.27726 7.20951 2.34409
threshold=15.500000000000002 3463.8150000000005 165.59986500000005 5.5000000000000009 102.09538800000001 677.50000000000011 907.00000000000011
decision_type=2 2 2 2 2 2 2
left_child=2 3 5 4 -2 -1 -7
right_child=1 -3 -4 -5 -6 6 -8
leaf_value=-0.02699752819005145 -0.0085899023011504101 0.040562307796947292 0.0010592518269319229 0.026711862082428008 0.010746374178317187 0 -0.014657603857158743
leaf_weight=168.35178139060736 30.07063327357173 85.244979128241539 26.140502575784922 40.20421290397644 40.527281023561954 13.893907088786362 19.220587611198425
leaf_count=5068 491 492 437 364 487 315 393
internal_value=0.000152909 0.0252231 -0.0214546 0.0120506 0.00228842 -0.0244034 -0.0090098
internal_weight=423.654 196.047 227.607 110.802 70.5979 201.466 33.1145
internal_count=8047 1834 6213 1342 978 5776 708
is_linear=0
shrinkage=0.03


Tree=23
num_leaves=10
num_cat=0
split_feature=8 15 37 54 39 7 18 9 3
split_gain=237.624 33.6561 17.0108 14.254 7.14983 6.06372 5.87607 1.36412 0.104706
threshold=621.19000000000017 18.500000000000004 8.5000000000000018 1145.5000000000002 138.50000000000003 883.9000000000002 42.069786500000006 198.35000000000002 1.5000000000000002
decision_type=2 2 2 2 2 2 2 2 2
left_child=2 3 5 -2 -5 7 -4 8 -1
right_child=1 -3 6 4 -6 -7 -8 -9 -10
leaf_value=-0.028631741292654181 -0.0038809432911565004 0.035665900404185907 -0.016243490191189484 0.026642290340487845 0.0058292916113624757 -0.0012032645736420181 0.0046758499460784657 -0.0088831812724163208 -0.010321205475413337
leaf_weight=141.05116841942072 36.866770818829536 97.791975889354944 14.17257574573159 36.836682509630919 31.954473178833723 10.52991374209523 26.94944697804749 11.985237333923576 10.357084920629857
leaf_count=4441 583 598 337 380 290 219 551 296 280
internal_value=0.000276079 0.0232609 -0.0214356 0.0105511 0.0182277 -0.0254565 -0.00318804 -0.0268483 -0.0278451
internal_weight=418.495 203.45 215.045 105.658 68.7912 173.923 41.122 163.393 151.408
internal_count=7975 1851 6124 1253 670 5236 888 5017 4721
is_linear=0
shrinkage=0.03


Tree=24
num_leaves=11
num_cat=0
split_feature=7 36 54 13 28 115 132 27 20 90
split_gain=212.276 24.7823 22.9557 10.6349 8.47698 6.2052 1.46789 2.34052 1.66046 0.186595
threshold=2000.0100000000002 37.500000000000007 97.500000000000014 58.500000000000007 9.5000000000000018 0.075564057000000004 54.500000000000007 930.50000000000011 83.009755000000013 1.5000000000000002
decision_type=2 2 2 2 2 2 2 2 2 2
left_child=2 5 -1 -3 -4 -2 7 8 9 -6
right_child=1 3 4 -5 6 -7 -8 -9 -10 -11
leaf_value=-0.028378399828244423 0.015496056829691131 0.017566269209594993 0.0077878084860212738 0.040474232797599492 -0.0067538319328542843 -0.0012992686132913787 -0.01920795899163141 0 -0.0019661945825008285 -0.018744117783450646
leaf_weight=117.81994803622365 41.961037926375866 46.335363727062941 18.124366579577327 64.065863385796547 15.514975614845751 30.341129705309868 26.095864338800311 22.175717430189252 15.961304305121301 20.228915605694056
leaf_count=3858 416 366 304 356 443 331 625 495 332 474
internal_value=-0.000479266 0.023409 -0.0191431 0.0321674 -0.00902954 0.0086258 -0.0124469 -0.00880247 -0.0120388 -0.0153753
internal_weight=418.624 182.703 235.921 110.401 118.101 72.3022 99.9768 73.8809 51.7052 35.7439
internal_count=8000 1469 6531 722 2673 747 2369 1744 1249 917
is_linear=0
shrinkage=0.03


Tree=25
num_leaves=9
num_cat=0
split_feature=54 58 54 29 6 44 18 33
split_gain=194.865 25.188 23.8481 12.3634 9.95556 6.61631 3.29217 4.44103
threshold=940.50000000000011 285.50000000000006 112.50000000000001 3.5000000000000004 2678.6600000000003 54.500000000000007 91.425000000000026 205.50000000000003
decision_type=2 2 2 2 2 2 2 2
left_child=2 4 -1 -4 -2 -6 -5 -8
right_child=1 -3 3 6 5 -7 7 -9
leaf_value=-0.027987098092399649 -0.0043426824825028203 0.033011599120000096 0.011151851797631143 -0.019180925952131497 0.023248227506872936 0.0050128927823397691 0.0049993212691424377 -0.012993758231540486
leaf_weight=121.76944406889379 26.340825457125902 88.458651050925255 20.272626824676991 36.464739631861448 43.111639261245728 38.051248244941235 16.811167601495981 23.127431226894259
leaf_count=4045 489 562 347 992 423 305 366 446
internal_value=-1.05065e-05 0.0213893 -0.0193239 -0.00742492 0.0106505 0.0156601 -0.0129205 -0.00537266
internal_weight=414.408 195.962 218.445 96.676 107.504 81.1629 76.4033 39.9386
internal_count=7975 1779 6196 2151 1217 728 1804 812
is_linear=0
shrinkage=0.03


Tree=26
num_leaves=11
num_cat=0
split_feature=55 10 6 134 55 7 55 98 7 37
split_gain=213.109 29.8231 20.9194 16.3566 11.9555 10.4093 3.51266 1.45251 0.620979 0.0106028
threshold=397.50000000000006 323.22000000000008 2818.4500000000003 62.500000000000007 1852.5000000000002 1378.0400000000002 68.500000000000014 4.5000000000000009 498.55000000000007 6.5000000000000009
decision_type=2 2 2 2 2 2 2 2 2 2
left_child=2 5 6 4 -3 -2 8 -8 -1 -9
right_child=1 3 -4 -5 -6 -7 7 9 -10 -11
leaf_value=-0.028320106976419027 -0.011172533181885172 0.019220691478795821 0.00016356313397620896 0.010907135628073567 0.043124473949623314 0.014828164613074223 -0.0029645735562245641 -0.021135881613901786 -0.0085578316858350087 -0.008517010257544793
leaf_weight=117.58970949985087 25.270714806392789 48.572503946721554 36.648811180144548 45.506543572992086 65.498545587062836 20.476814921945333 13.861438235267995 17.815387800335884 9.1705549824982864 16.902385940775275
leaf_count=4061 498 427 526 310 396 239 419 470 254 399
internal_value=0.00075649 0.0223006 -0.0200743 0.028259 0.0343065 0.000484237 -0.0242748 -0.0140854 -0.0273832 -0.0172156
internal_weight=417.313 205.325 211.988 159.578 114.071 45.7475 175.339 48.5792 126.76 34.7178
internal_count=7999 1870 6129 1133 823 737 5603 1288 4315 869
is_linear=0
shrinkage=0.03


Tree=27
num_leaves=10
num_cat=0
split_feature=7 2 54 27 12 20 7 118 91
split_gain=199.11 41.861 15.212 6.5353 5.69518 5.14815 2.31303 1.84603 1.59932
threshold=552.85000000000014 15.500000000000002 1199.5000000000002 946.50000000000011 30.500000000000004 65.584722500000012 14533.645000000002 0.0028799153500000002 2.5000000000000004
decision_type=2 2 2 2 2 2 2 2 2
left_child=5 2 4 -4 7 8 -3 -2 -1
right_child=1 6 3 -5 -6 -7 -8 -9 -10
leaf_value=-0.027135799517962828 -0.0027127761734033794 0.02191911917304195 0.0047731468480162664 0.023365566489981358 0.0063566846363952512 -0.005833938643569167 0.037780679376317003 -0.016940672499642147 -0.0087390770331049906
leaf_weight=133.71045203134418 20.673664838075638 56.189524710178375 38.236642312258482 36.935139335691929 22.604227563366294 18.245390679687262 55.370882920920849 18.613268548622727 13.196051955223082
leaf_count=4565 456 393 420 364 335 489 274 361 338
internal_value=0.00105173 0.0179167 0.006279 0.014983 -0.00439819 -0.0240294 0.0312033 -0.0109439 -0.0259241
internal_weight=413.775 248.623 137.063 75.1718 61.8912 165.152 111.56 39.2869 146.907
internal_count=7995 2603 1936 784 1152 5392 667 817 4903
is_linear=0
shrinkage=0.03


Tree=28
num_leaves=11
num_cat=0
split_feature=54 71 27 9 19 118 116 48 6 84
split_gain=181.298 27.8528 17.7073 13.2274 6.18622 3.87482 3.5393 3.06134 2.87031 0.473697
threshold=513.50000000000011 4.5000000000000009 984.50000000000011 74.90000000000002 215.07472000000004 0.0068912750500000003 0.0027952495000000003 1236.2302000000002 9127.590000000002 5.5000000000000009
decision_type=2 2 2 2 2 2 2 2 2 2
left_child=3 2 4 9 7 -5 -3 -2 -4 -1
right_child=1 6 8 5 -6 -7 -8 -9 -10 -11
leaf_value=-0.027334618876003042 -0.015847954611434303 0.020283580504047882 0.0095647382269178575 0.0018820361004805515 0.0098513796688464699 -0.014246756476576302 0.036560714941385054 -0.00079814458020020416 0.02673235826279401 -0.0096166376238183016
leaf_weight=118.09803676046431 18.972115997225046 62.564026203006506 28.921861089766026 23.486701063811779 21.447644807398319 20.255409695208073 49.737987976521254 30.507665874436498 27.963704440742731 11.318589609116314
leaf_count=4218 391 391 418 562 222 468 314 458 212 346
internal_value=0.0014385 0.0181941 0.0079657 -0.0215704 -0.00194532 -0.00597419 0.0288716 -0.00776892 0.0197243 -0.026312
internal_weight=413.274 240.115 127.813 173.159 70.9274 43.7421 112.302 49.4798 56.8856 129.417
internal_count=8000 2406 1701 5594 1071 1030 705 849 630 4564
is_linear=0
shrinkage=0.03


Tree=29
num_leaves=10
num_cat=0
split_feature=7 7 54 133 68 115 10 115 20
split_gain=162.03 24.4136 21.3906 10.9108 5.65887 5.41241 2.77325 2.7433 1.92443
threshold=1678.2500000000002 9272.7950000000019 344.50000000000006 51.500000000000007 6.5000000000000009 0.071216252000000022 138.88500000000002 0.076103752500000024 79.825000000000017
decision_type=2 2 2 2 2 2 2 2 2
left_child=2 3 8 5 6 -2 7 -4 -1
right_child=1 -3 4 -5 -6 -7 -8 -9 -10
leaf_value=-0.026920425674136481 0.021575082827581724 0.029322116001938615 -0.0094420191425771995 -0.0060800946274835984 0.0086400329820570301 0.0045182934805881782 -0.0175844754236004 0.0060389590296838882 -0.0088292275266287912
leaf_weight=128.27205658145249 35.976224485784769 91.641084711998701 17.829797759652141 31.617392580956221 16.882630471140146 38.648928083479404 17.643647234886885 13.172651026397942 14.716174680739639
leaf_count=4641 354 501 434 319 274 402 331 303 412
internal_value=-0.000897851 0.0182734 -0.0191636 0.00771869 -0.00425253 0.0137681 -0.00939476 -0.00252248 -0.0255211
internal_weight=406.401 197.884 208.517 106.243 65.5287 74.6252 48.6461 31.0024 142.988
internal_count=7971 1576 6395 1075 1342 756 1068 737 5053
is_linear=0
shrinkage=0.03


Tree=30
num_leaves=13
num_cat=0
split_feature=58 9 11 7 3 20 42 46 48 28 32 57
split_gain=156.326 42.4345 13.9437 6.6653 5.18594 4.50905 3.80975 4.92907 3.21498 2.15324 2.07419 0.102288
threshold=31.500000000000004 3463.8150000000005 363.90000000000003 552.85000000000014 1.5000000000000002 62.14350000000001 234.50000000000003 7923.6031500000008 1201.0436500000003 32.500000000000007 762.50000000000011 22.500000000000004
decision_type=2 2 2 2 2 2 2 2 2 2 2 2
left_child=4 2 3 8 10 -5 7 -7 -2 -6 11 -1
right_child=1 -3 -4 5 9 6 -8 -9 -10 -11 -12 -13
leaf_value=-0.028334282645339676 -0.020467643216130569 0.02867155269425882 0.021861376372198031 0.011473129232964712 -0.01542901986095405 -0.0050852863255783009 -0.009483401853957971 0.012144570512512588 0 0 -0.0051465681530379623 -0.011365121491951102
leaf_weight=109.72239168174565 13.695557361468675 99.616659909486771 26.419804371893406 33.36639092117548 13.00734722055495 24.275754023343325 25.787384271621704 24.926569562405348 12.672661995515226 14.16643515229225 8.4444575030356628 12.785753980278967
leaf_count=4134 370 525 224 419 296 366 237 274 264 352 223 412
internal_value=-0.00040391 0.0137552 0.00385853 -0.000220486 -0.0235511 0.00306806 -0.000967617 0.00368194 -0.0125474 -0.00854424 -0.0261261 -0.027196
internal_weight=418.887 260.761 161.144 134.724 158.126 108.356 74.9897 49.2023 26.3682 27.1738 130.953 122.508
internal_count=8096 2679 2154 1930 5417 1296 877 640 634 648 4769 4546
is_linear=0
shrinkage=0.03


Tree=31
num_leaves=11
num_cat=0
split_feature=54 62 3 100 42 12 29 34 86 12
split_gain=171.71 23.8159 16.3365 8.77637 10.9143 6.8041 4.68484 4.24114 2.67687 1.1594
threshold=901.50000000000011 20.500000000000004 1.5000000000000002 5.5000000000000009 259.50000000000006 29.500000000000004 3.5000000000000004 43.500000000000007 10.500000000000002 6.5000000000000009
decision_type=2 2 2 2 2 2 2 2 2 2
left_child=2 3 8 4 5 -2 -4 -8 -1 -10
right_child=1 -3 6 -5 -6 -7 7 -9 9 -11
leaf_value=-0.027788138472992149 -0.00038480493217413897 0.033110670002967038 0.0059418195420459213 0.019444024985212634 -0.010402669961861252 0.019506864003347467 0.00015922463097464099 -0.018394482588410341 -0.016474844698141131 -0.00181923298635075
leaf_weight=108.96519296988845 23.950197672471404 68.114165216684341 18.053056955337524 59.4366798363626 26.28128419443965 31.683648362755775 16.488193497061729 20.92752511613071 19.027665711939338 10.956345915794371
leaf_count=4157 412 420 297 447 254 293 406 399 605 280
internal_value=0.000231155 0.0188972 -0.019774 0.0110483 0.0040158 0.0113706 -0.00506914 -0.0108097 -0.02516 -0.0125738
internal_weight=403.884 209.466 194.418 141.352 81.9151 55.6338 55.4688 37.4157 138.949 29.984
internal_count=7970 1826 6144 1406 959 705 1102 805 5042 885
is_linear=0
shrinkage=0.03


Tree=32
num_leaves=11
num_cat=0
split_feature=7 60 55 46 42 118 117 0 118 118
split_gain=157.691 21.0994 11.5086 8.38378 15.4435 8.16726 3.16619 3.98233 2.0547 1.50089
threshold=928.69000000000017 90.500000000000014 80.500000000000014 5199.9353500000007 252.50000000000003 0.0033176728500000003 0.0026996626000000004 11.500000000000002 0.0031580277500000004 0.0018980743000000001
decision_type=2 2 2 2 2 2 2 2 2 2
left_child=2 3 -1 8 5 -5 -4 9 -2 -8
right_child=1 -3 6 4 -6 -7 7 -9 -10 -11
leaf_value=-0.027311175553648783 0.0035044915156197749 0.029142905594963405 0.0018790905197847273 0.030946152737060029 0.00034773147034180689 0.0078903345199906987 -0.022964054864029446 0.00041778947091989152 -0.0088895510542187622 -0.005329352680934242
leaf_weight=111.66133558563888 18.325792567804456 71.461711145937443 13.736960971727965 36.777106840163469 53.32176249474287 30.598971076309681 19.217939937487245 12.510021533817051 18.668190082535148 13.154683995991943
leaf_count=4388 318 399 375 372 391 289 529 254 294 349
internal_value=-0.000105971 0.0159667 -0.0216597 0.00919133 0.0129199 0.021951 -0.00935829 -0.012942 -0.00270645 -0.0178712
internal_weight=399.434 229.154 170.281 157.692 120.698 67.3761 58.6196 44.8826 36.994 32.3726
internal_count=7958 2063 5895 1664 1052 661 1507 1132 612 878
is_linear=0
shrinkage=0.03


Tree=33
num_leaves=11
num_cat=0
split_feature=6 57 63 32 0 3 6 32 117 59
split_gain=131.595 17.3054 16.6378 8.88234 6.61464 6.92746 5.82522 3.6037 2.8715 1.68904
threshold=2678.6600000000003 521.00000000000011 2.5000000000000004 658.50000000000011 45.500000000000007 4.5000000000000009 27793.425000000003 969.50000000000011 0.0073899056500000013 11.500000000000002
decision_type=2 2 2 2 2 2 2 2 2 2
left_child=1 3 4 9 5 -2 8 -5 -4 -1
right_child=2 -3 6 7 -6 -7 -8 -9 -10 -11
leaf_value=-0.027175727971048742 0.0072131531737410102 0.014347019671872817 0.0064582033172852346 0.0014378027352533157 0.012760743900096926 -0.012869543900714278 0.029816826181320928 -0.014920916734558108 0.019435140483531906 -0.01214215709311189
leaf_weight=115.69091038219631 25.027466712519526 9.0008015893399698 39.056298043578863 19.384192893281579 35.642681702971458 26.391397923231125 47.229643031954765 19.612066792324185 45.30842012539506 24.208421615883708
leaf_count=4605 385 138 321 476 256 263 229 416 332 639
internal_value=-0.00134854 -0.0195225 0.014289 -0.0216519 0.00359793 -0.00305572 0.0208618 -0.00720913 0.0142928 -0.0251866
internal_weight=406.552 187.896 218.656 178.896 87.0615 51.4189 131.594 38.9963 84.3647 139.899
internal_count=8060 6274 1786 6136 904 648 882 892 653 5244
is_linear=0
shrinkage=0.03


Tree=34
num_leaves=10
num_cat=0
split_feature=8 54 6 133 18 116 47 48 47
split_gain=135.509 21.7196 15.0116 9.22186 7.71281 6.29379 5.09516 3.69777 1.38614
threshold=1065.0550000000001 97.500000000000014 27793.425000000003 52.500000000000007 93.46666500000002 0.0037823274000000004 14365.088500000002 988.57725000000016 7839.8599000000004
decision_type=2 2 2 2 2 2 2 2 2
left_child=1 -1 3 6 7 -6 -2 -3 -9
right_child=2 4 -4 -5 5 -7 -8 8 -10
leaf_value=-0.027214475484592188 0.0085856246475308207 -0.020183872975571233 0.029574034079837375 -0.0013830362934612729 0.010497604925319596 -0.0094197075334160052 0.024417858491955997 0.0013888632341460371 -0.0095207231510103709
leaf_weight=93.109681969508529 57.167828906327486 32.695248050615191 63.585436247289181 35.991810388863087 27.465092116966844 20.193766130134463 36.366982072591782 14.773141071200373 15.963702356442807
leaf_count=3885 543 1051 315 310 589 436 234 333 285
internal_value=2.53131e-06 -0.0167996 0.0178207 0.0110547 -0.00714505 0.0016804 0.0158202 -0.0136334 -0.00439679
internal_weight=397.313 204.201 193.112 129.527 111.091 47.6589 93.5348 63.4321 30.7368
internal_count=7981 6579 1402 1087 2694 1025 777 1669 618
is_linear=0
shrinkage=0.03


Tree=35
num_leaves=11
num_cat=0
split_feature=58 3 132 48 51 6 6 33 80 55
split_gain=129.236 27.1045 8.10838 10.226 7.86421 7.46195 4.48462 3.17211 2.67146 1.72467
threshold=29.500000000000004 11.500000000000002 46.500000000000007 1160.6810000000003 11.500000000000002 339.34500000000008 2818.4500000000003 290.50000000000006 6.5000000000000009 87.500000000000014
decision_type=2 2 2 2 2 2 2 2 2 2
left_child=5 2 3 6 -5 -1 -2 9 -4 -7
right_child=1 -3 8 4 -6 7 -8 -9 -10 -11
leaf_value=-0.026893389169102427 -0.012441327828144428 0.024201280446932132 0.0013447572781845757 0.02297634171778324 0.0019082258900846845 -0.018716616299062846 0.0060163265116632645 0.00071161592329017746 -0.011768401474235052 -0.0018833575521647278
leaf_weight=93.297193134203553 18.331060443073511 110.56222952902317 22.809338280931115 42.114626510068774 28.078764565289021 23.276143809780478 18.532118458300829 14.270323377102612 22.690549401566386 10.935039289295672
leaf_count=3988 462 603 368 499 286 781 223 331 255 280
internal_value=0.000771294 0.0131853 0.00459184 0.00903072 0.0154354 -0.0218293 -0.00319356 -0.0102004 -0.00541539 -0.0146449
internal_weight=404.897 263.119 152.556 107.057 70.1934 141.779 36.8632 48.4815 45.4999 34.2112
internal_count=8076 2696 2093 1470 785 5380 685 1392 623 1061
is_linear=0
shrinkage=0.03


Tree=36
num_leaves=11
num_cat=0
split_feature=7 59 134 115 9 55 19 18 70 33
split_gain=129.677 31.0944 9.611 8.90151 9.17198 7.94908 5.183 4.21988 2.62331 0.812823
threshold=552.85000000000014 176.50000000000003 58.500000000000007 0.090922067000000009 1795.7100000000003 130.50000000000003 133.06760500000004 66.026775000000015 5.5000000000000009 290.50000000000006
decision_type=2 2 2 2 2 2 2 2 2 2
left_child=5 2 3 4 6 9 -2 -7 -4 -1
right_child=1 -3 8 -5 -6 7 -8 -9 -10 -11
leaf_value=-0.027605770875879575 -0.0039302696239337555 0.027528827064494263 -0.011220208929441885 -0.0024796452648757515 0.023809121676329339 -0.015568974285053248 0.013640702263891117 0.0032429420240635016 0.0012669171260653448 -0.0075088519524354495
leaf_weight=97.171688113361597 26.852388452738523 82.60517130792141 25.395702734589577 35.999329594895244 43.286648284643888 19.275906454771757 23.333079934120178 14.709695337340234 24.618016961961985 8.6218052767217142
leaf_count=4268 406 450 414 520 275 531 354 376 191 285
internal_value=0.000370125 0.0127951 0.00537046 0.00962504 0.0143285 -0.0224607 0.00446303 -0.00767036 -0.00524456 -0.0265161
internal_weight=401.869 262.09 179.485 129.471 93.4721 139.779 50.1855 33.9856 50.0137 105.793
internal_count=8070 2610 2160 1555 1035 5460 760 907 605 4553
is_linear=0
shrinkage=0.03


Tree=37
num_leaves=10
num_cat=0
split_feature=7 68 134 46 0 10 19 38 92
split_gain=129.192 24.5527 14.0917 22.0258 9.026 7.45608 7.43351 6.21624 3.56222
threshold=539.23000000000013 25.500000000000004 49.500000000000007 9575.0460000000003 21.500000000000004 86.88000000000001 154.38739500000003 322.50000000000006 1.5000000000000002
decision_type=2 2 2 2 2 2 2 2 2
left_child=5 2 3 4 -2 8 -5 -4 -1
right_child=1 -3 7 6 -6 -7 -8 -9 -10
leaf_value=-0.026487366512931366 -0.012530618636465426 0.030815733641776238 0.0037467600047654316 0.009857178630345997 0.0099648789345739355 -0.00075018415226342722 0.029710312040530394 -0.01371156892966505 -0.003577229638214708
leaf_weight=111.3306830637157 28.569741008803248 51.09398839995265 40.770201975479722 39.662058686837554 25.492314064875245 14.357603965327142 48.575636783614755 25.237878635525703 9.8689525313675386
leaf_count=4740 574 280 588 358 287 387 323 198 291
internal_value=0.000591678 0.0129751 0.00790911 0.0131038 -0.00172357 -0.0226172 0.0219545 -0.00321258 -0.0249564
internal_weight=394.959 259.402 208.308 142.3 54.0621 135.557 88.2377 66.0081 121.2
internal_count=8026 2608 2328 1542 861 5418 681 786 5031
is_linear=0
shrinkage=0.03


Tree=38
num_leaves=9
num_cat=0
split_feature=8 71 133 32 118 32 94 6
split_gain=126.339 21.0041 15.3333 12.4751 9.44466 3.01915 1.9102 0.345153
threshold=621.19000000000017 6.5000000000000009 51.500000000000007 773.50000000000011 0.0033616014000000002 1175.5000000000002 5.5000000000000009 1947.9250000000002
decision_type=2 2 2 2 2 2 2 2
left_child=3 2 4 6 -2 -5 -1 -8
right_child=1 -3 -4 5 -6 -7 7 -9
leaf_value=-0.02831509336065683 0.018142133016555467 0.024098272259149643 -0.0093933063974196915 0.0047334466317398311 -0.0010664180686561313 -0.01110361983868436 -0.017705931248317836 -0.0047957633659784392
leaf_weight=78.442028935998678 63.59133275039494 95.432477280497551 38.846243577077985 17.922158537432551 31.750493686646223 14.918093262240289 46.147826319560409 10.323258988559244
leaf_count=3627 584 504 407 411 371 298 1617 212
internal_value=-0.000673125 0.013633 0.00548424 -0.02017 0.0118615 -0.00258091 -0.0240991 -0.0161719
internal_weight=397.374 229.621 134.188 167.753 95.3418 32.8403 134.913 56.4711
internal_count=8031 1866 1362 6165 955 709 5456 1829
is_linear=0
shrinkage=0.03


Tree=39
num_leaves=10
num_cat=0
split_feature=58 6 129 49 115 32 56 12 0
split_gain=117.829 22.4048 14.231 6.11378 5.97793 3.73806 2.87966 2.27651 0.701411
threshold=31.500000000000004 2617.8000000000006 49.500000000000007 1081.1315000000002 0.069993300000000022 686.50000000000011 120.50000000000001 10.500000000000002 13.500000000000002
decision_type=2 2 2 2 2 2 2 2 2
left_child=5 3 4 7 -3 6 8 -2 -1
right_child=1 2 -4 -5 -6 -7 -8 -9 -10
leaf_value=-0.02713225656445328 -0.0033445646232412923 0.026525451830726764 0.0027496701631953288 0.0055685555962881302 0.012380609735662171 -0.0062741421100364105 -0.0020493496600546422 -0.021003782638151652 -0.007202105661456802
leaf_weight=100.28653264977038 17.218855930492285 76.836409013718367 61.528491236269474 20.890716062858701 72.787071023136377 17.302971761673689 6.995358867570757 14.067298252135513 8.1838531494140607
leaf_count=4579 459 526 413 333 570 442 200 303 192
internal_value=-0.00036156 0.0111844 0.0154832 -0.00578248 0.0203643 -0.0229452 -0.0249548 -0.0134982 -0.0261444
internal_weight=396.098 263.329 211.152 52.1769 149.623 132.769 115.466 31.2862 108.47
internal_count=8017 2604 1509 1095 1096 5413 4971 762 4771
is_linear=0
shrinkage=0.03


end of trees

feature_importances:
Column_7=29
Column_6=28
Column_9=20
Column_54=19
Column_32=17
Column_55=14
Column_58=13
Column_8=11
Column_18=9
Column_48=9
Column_10=8
Column_115=8
Column_0=7
Column_12=7
Column_20=7
Column_59=7
Column_3=6
Column_19=6
Column_27=6
Column_118=6
Column_33=5
Column_37=5
Column_46=5
Column_71=5
Column_15=3
Column_28=3
Column_30=3
Column_36=3
Column_42=3
Column_47=3
Column_49=3
Column_62=3
Column_129=3
Column_133=3
Column_134=3
Column_2=2
Column_13=2
Column_21=2
Column_29=2
Column_31=2
Column_34=2
Column_39=2
Column_51=2
Column_56=2
Column_57=2
Column_60=2
Column_66=2
Column_68=2
Column_70=2
Column_91=2
Column_100=2
Column_116=2
Column_117=2
Column_132=2
Column_11=1
Column_16=1
Column_35=1
Column_38=1
Column_40=1
Column_41=1
Column_43=1
Column_44=1
Column_45=1
Column_52=1
Column_61=1
Column_63=1
Column_69=1
Column_80=1
Column_84=1
Column_85=1
Column_86=1
Column_88=1
Column_90=1
Column_92=1
Column_94=1
Column_98=1
Column_107=1
Column_111=1

parameters:
[boosting: gbdt]
[objective: binary]
[metric: auc,binary_logloss]
[tree_learner: serial]
[device_type: cpu]
[data_sample_strategy: bagging]
[data: ]
[valid: ]
[num_iterations: 2000]
[learning_rate: 0.03]
[num_leaves: 63]
[num_threads: -1]
[seed: 20260825]
[deterministic: 0]
[force_col_wise: 0]
[force_row_wise: 0]
[histogram_pool_size: -1]
[max_depth: -1]
[min_data_in_leaf: 300]
[min_sum_hessian_in_leaf: 0.001]
[bagging_fraction: 0.8]
[pos_bagging_fraction: 1]
[neg_bagging_fraction: 1]
[bagging_freq: 1]
[bagging_seed: 20260825]
[bagging_by_query: 0]
[feature_fraction: 0.75]
[feature_fraction_bynode: 1]
[feature_fraction_seed: 20260825]
[extra_trees: 0]
[extra_seed: 27901]
[early_stopping_round: 0]
[early_stopping_min_delta: 0]
[first_metric_only: 0]
[max_delta_step: 0]
[lambda_l1: 0.5]
[lambda_l2: 5]
[linear_lambda: 0]
[min_gain_to_split: 0]
[drop_rate: 0.1]
[max_drop: 50]
[skip_drop: 0.5]
[xgboost_dart_mode: 0]
[uniform_drop: 0]
[drop_seed: 29628]
[top_rate: 0.2]
[other_rate: 0.1]
[min_data_per_group: 100]
[max_cat_threshold: 32]
[cat_l2: 10]
[cat_smooth: 10]
[max_cat_to_onehot: 4]
[top_k: 20]
[monotone_constraints: ]
[monotone_constraints_method: basic]
[monotone_penalty: 0]
[feature_contri: ]
[forcedsplits_filename: ]
[refit_decay_rate: 0.9]
[cegb_tradeoff: 1]
[cegb_penalty_split: 0]
[cegb_penalty_feature_lazy: ]
[cegb_penalty_feature_coupled: ]
[path_smooth: 0]
[interaction_constraints: ]
[verbosity: -1]
[saved_feature_importance_type: 0]
[use_quantized_grad: 0]
[num_grad_quant_bins: 4]
[quant_train_renew_leaf: 0]
[stochastic_rounding: 1]
[linear_tree: 0]
[max_bin: 255]
[max_bin_by_feature: ]
[min_data_in_bin: 3]
[bin_construct_sample_cnt: 200000]
[data_random_seed: 4775]
[is_enable_sparse: 1]
[enable_bundle: 1]
[use_missing: 1]
[zero_as_missing: 0]
[feature_pre_filter: 1]
[pre_partition: 0]
[two_round: 0]
[header: 0]
[label_column: ]
[weight_column: ]
[group_column: ]
[ignore_column: ]
[categorical_feature: ]
[forcedbins_filename: ]
[precise_float_parser: 0]
[parser_config_file: ]
[objective_seed: 9445]
[num_class: 1]
[is_unbalance: 0]
[scale_pos_weight: 1]
[sigmoid: 1]
[boost_from_average: 1]
[reg_sqrt: 0]
[alpha: 0.9]
[fair_c: 1]
[poisson_max_delta_step: 0.7]
[tweedie_variance_power: 1.5]
[lambdarank_truncation_level: 30]
[lambdarank_norm: 1]
[label_gain: ]
[lambdarank_position_bias_regularization: 0]
[eval_at: ]
[multi_error_top_k: 1]
[auc_mu_weights: ]
[num_machines: 1]
[local_listen_port: 12400]
[time_out: 120]
[machine_list_filename: ]
[machines: ]
[gpu_platform_id: -1]
[gpu_device_id: -1]
[gpu_use_dp: 0]
[num_gpu: 1]

end of parameters

pandas_categorical:null
