tree
version=v4
num_class=1
num_tree_per_iteration=1
label_index=0
max_feature_idx=146
objective=binary sigmoid:1
feature_names=Column_0 Column_1 Column_2 Column_3 Column_4 Column_5 Column_6 Column_7 Column_8 Column_9 Column_10 Column_11 Column_12 Column_13 Column_14 Column_15 Column_16 Column_17 Column_18 Column_19 Column_20 Column_21 Column_22 Column_23 Column_24 Column_25 Column_26 Column_27 Column_28 Column_29 Column_30 Column_31 Column_32 Column_33 Column_34 Column_35 Column_36 Column_37 Column_38 Column_39 Column_40 Column_41 Column_42 Column_43 Column_44 Column_45 Column_46 Column_47 Column_48 Column_49 Column_50 Column_51 Column_52 Column_53 Column_54 Column_55 Column_56 Column_57 Column_58 Column_59 Column_60 Column_61 Column_62 Column_63 Column_64 Column_65 Column_66 Column_67 Column_68 Column_69 Column_70 Column_71 Column_72 Column_73 Column_74 Column_75 Column_76 Column_77 Column_78 Column_79 Column_80 Column_81 Column_82 Column_83 Column_84 Column_85 Column_86 Column_87 Column_88 Column_89 Column_90 Column_91 Column_92 Column_93 Column_94 Column_95 Column_96 Column_97 Column_98 Column_99 Column_100 Column_101 Column_102 Column_103 Column_104 Column_105 Column_106 Column_107 Column_108 Column_109 Column_110 Column_111 Column_112 Column_113 Column_114 Column_115 Column_116 Column_117 Column_118 Column_119 Column_120 Column_121 Column_122 Column_123 Column_124 Column_125 Column_126 Column_127 Column_128 Column_129 Column_130 Column_131 Column_132 Column_133 Column_134 Column_135 Column_136 Column_137 Column_138 Column_139 Column_140 Column_141 Column_142 Column_143 Column_144 Column_145 Column_146
feature_infos=[0:344] [0:175] [0:90] [0:60] [0:30] [0:7] [0:1300322] [0:834119.59999999998] [0:427813.65999999997] [0:349560.53000000003] [0:208163.19] [0:77806.800000000003] [0:56639] [0:24623] [0:13015] [0:6698] [0:2757] [0:490] [0:17722] [0:25296.5] [0:9188.6149999999998] [0:2584] [0:2584] [0:2584] [0:2584] [0:2584] [0:2584] [0:2584] [0:2584] [0:2584] [0:71112] [0:37067] [0:15364] [0:8210] [0:10983] [0:6796] [0:3277] [0:1055] [0:17323] [0:11328] [0:10277] [0:3145] [0:17125] [0:9533] [0:8618] [0:2722] [0:1133150.8] [0:645802.06000000006] [0:329430.56] [0:172898.04999999999] [0:162667] [0:70544] [0:38143] [0:22497] [0:332836] [0:146372] [0:62822] [0:32415] [0:37332] [0:14626] [0:3129] [0:1164] [0:506] [0:258] [0:112] [0:88] [0:37128] [0:14500] [0:3063] [0:1160] [0:2757] [0:1444] [0:490] [0:365] [0:30] [0:14] [0:7] [0:3] [0:30] [0:14] [0:7] [0:3] [0:30] [0:14] [0:7] [0:3] [0:30] [0:14] [0:7] [0:3] [0:30] [0:14] [0:7] [0:3] [0:30] [0:14] [0:7] [0:3] [0:30] [0:14] [0:7] [0:3] [0:30] [0:14] [0:7] [0:3] [0:30] [0:14] [0:7] [0:3] [0:30] [0:14] [0:7] [0:3] [0:2.4959570000000002] [0:2] [0:1] [0:1.1285547] [0:0.5] [0:721] [0:344] [0:1455154] [0:75889] [0:4] [0:3] [0:3] [0:3] [0:3] [0:3] [0:5] [0:5] [0:87] [0:89] [0:93] [0:94] [0:95] [0:95] [0:98] [0:99] [0:3] [0:3] [0:3] [0:3] [0:9] [0:9] [0:9] [0:9]
tree_sizes=1467 1716 1409 1622 1626 1507 1622 1520 1952 1732 1735 1740 1624 1740 1837 1737 1845 1944 1746 1842 1626 1958 1966 1856 2049 1961 2051 1841

Tree=0
num_leaves=13
num_cat=0
split_feature=9 15 0 9 27 55 46 70 43 6 27 18
split_gain=1431.53 173.481 111.562 59.7514 26.5674 22.4824 9.83198 8.85538 4.70428 2.62201 2.2476 1.79908
threshold=1636.5600000000002 12.500000000000002 18.500000000000004 4996.7000000000007 997.50000000000011 130.50000000000003 15888.840000000002 3.5000000000000004 59.500000000000007 1615.4200000000003 732.50000000000011 79.865000000000023
decision_type=2 2 2 2 2 2 2 2 2 2 2 2
left_child=2 -2 5 -3 7 9 8 -4 10 -1 11 -7
right_child=1 3 4 -5 -6 6 -8 -9 -10 -11 -12 -13
leaf_value=-2.8134218403603768 -2.6842277407022279 -2.5638535147316035 -2.7840023967599667 -2.3837467331651911 -2.6835522918274188 -2.7937794167833312 -2.7426085083521738 -2.7316136608699031 -2.7603086551017122 -2.7848834818952368 -2.8049344317936793 -2.7669076668973895
leaf_weight=256.39495320990682 13.2974501773715 18.102411165833473 14.135524768382313 17.82305296882987 19.66681706905365 12.180017389357092 12.515247225761412 14.19139640778303 11.733044274151323 12.962220340967177 27.321231666952372 12.571118865162132
leaf_count=4589 238 324 253 319 352 218 224 254 210 232 489 225
internal_value=-2.76333 -2.51461 -2.79553 -2.45925 -2.72524 -2.80544 -2.78083 -2.75747 -2.78869 -2.81223 -2.79492 -2.7815
internal_weight=442.894 49.2229 393.672 35.9255 47.9937 345.678 76.3207 28.3269 63.8054 269.357 52.0724 24.7511
internal_count=7927 881 7046 643 859 6187 1366 507 1142 4821 932 443
is_linear=0
shrinkage=1


Tree=1
num_leaves=15
num_cat=0
split_feature=8 55 58 0 7 7 49 32 24 10 32 59 49 19
split_gain=1157.02 165.433 65.4958 35.527 22.856 22.4488 17.2476 8.9767 7.3833 5.31674 4.87655 2.74723 1.88456 0.591408
threshold=1686.4600000000003 2067.0000000000005 42.500000000000007 49.500000000000007 552.85000000000014 10671.655000000001 2458.3653500000005 752.50000000000011 1693.5000000000002 138.88500000000002 940.50000000000011 17.500000000000004 610.81540000000007 165.07862500000002
decision_type=2 2 2 2 2 2 2 2 2 2 2 2 2 2
left_child=2 3 7 8 12 -3 9 11 -2 -6 -9 13 -4 -1
right_child=1 5 4 -5 6 -7 -8 10 -10 -11 -12 -13 -14 -15
leaf_value=-0.050789117229739347 0.024610323516725166 0.16444998854943341 -0.040678450391011395 0.16088113226161987 0.031727262861252735 0.30304068229298209 0.072257447850123821 0.0082550354306496591 0.08261207462153769 -0.0074657536876748436 -0.033732646555253189 -0.020162102256277931 -0.011374822378049381 -0.031795774790821234
leaf_weight=248.25783723592758 12.803949262946846 14.53366322442889 14.62751428037882 13.861681044101713 11.621313795447348 19.984418753534555 12.789592433720825 11.143218249082567 12.369072563946245 22.186891324818134 13.813890494406222 11.851794268935917 11.316028412431477 17.10768536105752
leaf_count=4635 209 226 268 206 208 269 222 204 200 392 252 216 203 316
internal_value=-0.000100774 0.178476 -0.035915 0.0999942 0.00660577 0.25689 0.0271669 -0.046099 0.057093 0.00702614 -0.0157638 -0.0486976 -0.0296258 -0.0498117
internal_weight=448.269 73.5528 374.716 39.0347 72.5413 34.5181 46.5978 302.174 25.173 33.8082 24.9571 277.217 25.9435 265.366
internal_count=8026 1110 6916 615 1293 495 822 5623 409 600 456 5167 471 4951
is_linear=0
shrinkage=0.05


Tree=2
num_leaves=12
num_cat=0
split_feature=8 58 3 10 121 11 32 27 32 40 9
split_gain=863.428 95.9263 83.7823 31.9774 13.0812 11.9588 9.09153 8.9044 5.25739 4.67305 2.59554
threshold=2094.8850000000007 40.500000000000007 9.5000000000000018 583.29500000000007 3625.1550000000002 691.54000000000008 677.50000000000011 984.50000000000011 907.00000000000011 43.500000000000007 276.94500000000005
decision_type=2 2 2 2 2 2 2 2 2 2 2
left_child=1 6 -2 4 9 -4 10 -6 -8 -3 -1
right_child=2 3 5 -5 7 -7 8 -9 -10 -11 -12
leaf_value=-0.050186480300511753 0.071528712255970614 -0.034742719266110778 0.14755262712500603 0.082029941091134928 -0.00058012013284820883 0.23692931469813963 0.0031236797103229622 0.048848220606485748 -0.03742154745712592 0.0023029963554806058 -0.023907122128429551
leaf_weight=242.57919243723154 25.153254438191652 20.197651155292988 28.421939145773649 12.80957582592964 19.962885987013578 19.561201717704535 15.024456538259985 14.691061872988938 14.425546325743197 13.425753712654112 15.399383265525101
leaf_count=4730 375 375 355 212 351 213 279 247 270 237 290
internal_value=-0.000970893 -0.0323071 0.153581 0.0154264 0.000952031 0.192011 -0.0457869 0.0218963 -0.0178534 -0.0206516 -0.0488138
internal_weight=441.652 368.516 73.1364 81.0869 68.2774 47.9831 287.429 34.6539 29.45 33.6234 257.979
internal_count=7934 6991 943 1422 1210 568 5569 598 549 612 5020
is_linear=0
shrinkage=0.05


Tree=3
num_leaves=14
num_cat=0
split_feature=10 6 59 55 58 6 62 45 47 133 12 32 59
split_gain=726.073 117.872 62.1766 23.1999 17.2213 16.3956 7.08767 5.96487 4.10514 4.65773 5.24192 3.40178 0.51015
threshold=806.30000000000007 2748.3450000000007 103.50000000000001 207.50000000000003 33.500000000000007 9127.590000000002 20.500000000000004 11.500000000000002 1400.2919000000004 44.500000000000007 10.500000000000002 686.50000000000011 7.5000000000000009
decision_type=2 2 2 2 2 2 2 2 2 2 2 2 2
left_child=1 4 -2 -3 11 7 -4 -5 -6 -10 -11 12 -1
right_child=2 3 6 5 8 -7 -8 -9 9 10 -12 -13 -14
leaf_value=-0.050331773940933758 0.070491119979654765 -0.012231930079677987 0.12759862145334158 0.052616702192388481 -0.033483046493457215 0.097246640810240245 0.20373902250104861 0.0067302030951903145 -0.029726766462368971 0.029307847958828428 -0.013001445201429693 -0.023897576927069841 -0.034720314341182175
leaf_weight=209.47172521054745 26.781568855047226 17.652090258896351 23.380405008792877 12.208181727677585 18.838513731956482 13.235486790537832 24.739479660987854 15.482178431004284 11.085403788834808 11.431215252727272 14.309153739362953 20.583225898444653 25.972994174808264
leaf_count=4279 343 311 254 205 358 188 247 242 201 212 251 393 519
internal_value=-0.000532459 -0.0294231 0.139337 0.0347728 -0.0416325 0.0546721 0.173312 0.0291423 -0.0156965 -0.00534154 0.00654632 -0.047106 -0.0489166
internal_weight=445.172 370.27 74.9015 58.5779 311.692 40.9258 48.1199 27.6904 55.6643 36.8258 25.7404 256.028 235.445
internal_count=8003 7159 844 946 6213 635 501 447 1022 664 463 5191 4798
is_linear=0
shrinkage=0.05


Tree=4
num_leaves=14
num_cat=0
split_feature=9 56 54 138 6 9 37 6 117 30 114 58 10
split_gain=683.225 81.3757 54.1465 20.007 17.813 17.431 10.8513 8.74918 2.50662 2.02339 1.61921 0.663282 0.532014
threshold=1030.7150000000004 572.50000000000011 472.50000000000006 62.500000000000007 3038.9250000000006 1917.3050000000001 22.500000000000004 1649.3500000000001 0.0031009647000000006 1999.0000000000002 0.056005684500000007 362.50000000000006 129.08000000000001
decision_type=2 2 2 2 2 2 2 2 2 2 2 2 2
left_child=2 5 7 11 6 -2 8 12 -4 -9 -10 -3 -1
right_child=1 3 4 -5 -6 -7 -8 9 10 -11 -12 -13 -14
leaf_value=-0.050643923171805882 0.0038403675549130243 0.12021821185560005 -0.0046286803268147832 0.085710932957866567 0.035183257879221663 0.071789903310539291 0.024675227842893693 -0.028859424969046917 -0.041682287824568974 0.00020390493662656909 -0.014385320450269546 0.18360743955686595 -0.027144898272520049
leaf_weight=229.14210803806782 15.446808502078055 21.890715189278126 10.533278960734604 21.539065793156624 23.410755831748247 23.259180668741465 11.554463949054478 10.718360219150783 20.626933194696907 11.265211038291453 11.076537184417246 25.004683993756771 9.9393588192760927
leaf_count=4859 235 240 200 210 374 278 202 208 389 211 203 228 203
internal_value=-0.00140113 0.10746 -0.0363102 0.139817 0.000495286 0.0461936 -0.0153215 -0.0471153 -0.0268841 -0.0151912 -0.0335649 0.160145 -0.0499003
internal_weight=445.407 107.14 338.267 68.4345 77.202 38.706 53.7912 261.065 42.2367 21.9836 31.7035 46.8954 239.081
internal_count=8040 1191 6849 678 1368 513 994 5481 792 419 592 468 5062
is_linear=0
shrinkage=0.05


Tree=5
num_leaves=13
num_cat=0
split_feature=7 58 71 54 121 48 46 7 32 102 12 59
split_gain=544.521 73.677 64.5378 20.7376 16.363 6.94276 7.5046 6.69615 5.33872 2.47976 1.1519 0.591857
threshold=3040.7550000000006 38.500000000000007 4.5000000000000009 3662.5000000000005 15242.535000000002 1201.0436500000003 12320.860500000001 552.85000000000014 773.50000000000011 8.5000000000000018 19.500000000000004 16.500000000000004
decision_type=2 2 2 2 2 2 2 2 2 2 2 2
left_child=1 8 4 5 -2 7 -7 -3 10 -4 11 -1
right_child=2 3 9 -5 -6 6 -8 -9 -10 -11 -12 -13
leaf_value=-0.049913854924037222 0.0096384088320577346 -0.042888485598391778 0.103458194051289 0.061960748894127227 0.069670382700511069 0.033353879189523192 -0.012273130882577435 0.0015127905629077816 -0.0188320739014146 0.15335883705124198 -0.023715464817716376 -0.025796017900312797
leaf_weight=214.22449309006333 17.650827810168266 13.725566316396 33.448155824095011 13.137151211500166 33.92031604796648 17.678546469658613 15.140754479914902 18.173354905098677 20.210968255996704 25.581178694963455 10.219829250127075 9.3400059007108194
leaf_count=4762 246 276 303 193 387 305 251 314 398 199 204 191
internal_value=-0.00104405 -0.0331083 0.0940423 0.00926634 0.0502507 -0.00296684 0.0128086 -0.0189955 -0.046068 0.1294 -0.0482429 -0.0491439
internal_weight=442.451 331.851 110.6 77.8554 51.5711 64.7182 32.8193 31.8989 253.995 59.0293 233.784 223.564
internal_count=8029 6894 1135 1339 633 1146 556 590 5555 502 5157 4953
is_linear=0
shrinkage=0.05


Tree=6
num_leaves=14
num_cat=0
split_feature=6 55 11 121 55 141 115 32 59 59 114 32 29
split_gain=486.242 66.2971 35.0556 18.9989 14.1124 14.5619 13.4778 12.8074 8.28303 4.39236 4.24621 2.4483 0.998337
threshold=2678.6600000000003 1118.5000000000002 171.60000000000002 15903.580000000002 151.50000000000003 2.5000000000000004 0.046046970000000007 658.50000000000011 35.500000000000007 13.500000000000002 0.055271983000000004 907.00000000000011 24.500000000000004
decision_type=2 2 2 2 2 2 2 2 2 2 2 2 2
left_child=2 4 7 -3 -2 8 -5 9 -6 -1 11 -9 -11
right_child=1 3 -4 6 5 -7 -8 10 -10 12 -12 -13 -14
leaf_value=-0.049361318133170552 -0.0091157172594105284 0.05551371534575536 0.050126564994069825 0.07500421264565689 0.084870341098510799 0.0042440962525231909 0.13333559059436609 -0.008704721432861327 0.031040785440725346 -0.032501503329755516 0.0076432827256729943 -0.036433787666435583 -0.010503793958515835
leaf_weight=199.52580235153437 16.1840207464993 27.67986649274826 9.1632516719400865 27.47374302148819 17.098188187927008 16.826602514833212 38.513939645141363 15.138011511415241 17.238524951040745 15.443878538906576 12.063122924417256 19.639289524406195 11.17111700773239
leaf_count=4639 279 312 158 215 246 229 304 305 215 303 214 387 234
internal_value=0.00105364 0.0698859 -0.0384431 0.0967961 0.0307465 0.0432244 0.11197 -0.0417591 0.0610415 -0.0466943 -0.0169961 -0.0254935 -0.0246479
internal_weight=443.159 161.015 282.144 93.6675 67.3473 51.1633 65.9877 272.981 34.3367 226.141 46.8404 34.7773 26.615
internal_count=8040 1800 6240 831 969 690 519 6082 461 5176 906 692 537
is_linear=0
shrinkage=0.05


Tree=7
num_leaves=13
num_cat=0
split_feature=7 16 58 54 42 31 37 58 121 45 27 31
split_gain=424.881 62.1417 33.4978 14.622 14.9661 8.61956 8.43824 8.91406 5.25095 3.69625 1.39504 0.106126
threshold=2000.0100000000002 8.5000000000000018 45.500000000000007 901.50000000000011 268.50000000000006 2754.0000000000005 22.500000000000004 61.500000000000007 5576.9100000000008 8.5000000000000018 893.50000000000011 1320.5000000000002
decision_type=2 2 2 2 2 2 2 2 2 2 2 2
left_child=2 3 8 -2 -5 -3 7 -4 9 11 -9 -1
right_child=1 5 6 4 -6 -7 -8 10 -10 -11 -12 -13
leaf_value=-0.049377225702423019 -0.0037088454861463264 0.069003817265256562 0.022485824585039439 0.067471307124605556 0.0090421470244345641 0.11504203291359015 0.027036450192262279 -0.035657213636971628 -0.013454897312974218 -0.018383029766243324 -0.010813847121489743 -0.03162068437921093
leaf_weight=190.20952009409666 20.059019438922405 30.145303674042225 10.665347527712582 29.344042263925076 17.923925574868917 45.514468021690845 16.014907658100128 18.39191218093038 14.685980528593062 14.215878896415232 11.086016397923229 14.931125354021786
leaf_count=4603 311 251 205 345 184 323 246 339 304 304 193 320
internal_value=-0.00171893 0.0682647 -0.0364323 0.0319236 0.0465816 0.0989484 -0.00166407 -0.0138536 -0.0446901 -0.0466408 -0.0275949 -0.0484026
internal_weight=433.187 142.987 290.201 67.327 47.268 75.6598 56.1582 40.1433 234.043 219.357 29.4779 205.141
internal_count=7928 1414 6514 840 529 574 983 737 5531 5227 532 4923
is_linear=0
shrinkage=0.05


Tree=8
num_leaves=17
num_cat=0
split_feature=6 15 27 10 63 54 6 6 115 9 116 7 18 122 19 115
split_gain=406.724 62.6944 23.4369 23.0315 15.6059 9.06475 7.39363 7.19322 6.5276 6.59377 2.6624 3.35969 3.40949 1.05199 0.748732 0.171345
threshold=2748.3450000000007 20.500000000000004 984.50000000000011 486.24500000000006 5.5000000000000009 97.500000000000014 7727.6350000000011 20662.010000000006 0.086834227500000014 1221.6500000000003 0.0029133423500000005 498.55000000000007 86.474000000000018 104.50000000000001 18.667620000000003 0.063590152000000025
decision_type=2 2 2 2 2 2 2 2 2 2 2 2 2 2 2 2
left_child=3 2 8 5 6 -1 -4 -3 9 -2 11 12 14 15 -7 -12
right_child=1 7 4 -5 -6 10 -8 -9 -10 -11 13 -13 -14 -15 -16 -17
leaf_value=-0.049823547632175766 -0.0039617820943102988 0.066377823237231945 0.0054733018247412604 0.031638569287777182 0.090524790975924918 -0.021273133863171201 0.053486342619044794 0.1098545508857703 -0.018623413543087615 0.03872805583800637 -0.025813736015405233 -0.0015076270416123898 -0.00252607102250484 -0.021764491006572524 -0.044303849124608392 -0.048505793553780721
leaf_weight=151.13716277107596 16.219400923699141 29.943718060851097 15.767469026148321 9.7464121095836145 18.616158287972212 12.610797673463823 15.460437119007109 42.900868803262711 14.986992325633762 17.530097223818302 9.4204051159322244 16.59674259275198 10.112039495259522 14.311049692332743 16.86482959985733 23.786656353622675
leaf_count=3850 261 240 235 148 173 294 172 267 220 181 210 329 229 295 376 519
internal_value=-0.000104744 0.0594963 0.0324639 -0.0388769 0.0558871 -0.0417991 0.0310324 0.0942342 0.00724973 0.0191382 -0.0293829 -0.0207141 -0.0283064 -0.0383821 -0.0364282 -0.0439004
internal_weight=436.011 171.425 98.5806 264.586 49.8441 254.84 31.2279 72.8446 48.7365 33.7495 103.703 56.1844 39.5877 47.5181 29.4756 33.2071
internal_count=7999 1749 1242 6250 580 6102 407 507 662 442 2252 1228 899 1024 670 729
is_linear=0
shrinkage=0.05


Tree=9
num_leaves=15
num_cat=0
split_feature=0 71 10 27 121 62 55 6 18 122 53 31 58 33
split_gain=355.09 55.8749 29.5638 28.6079 15.1515 11.7513 11.1697 4.27073 4.26159 4.76395 2.88021 2.72679 1.87753 1.11311
threshold=15.500000000000002 5.5000000000000009 853.42500000000007 988.50000000000011 20878.275000000005 10.500000000000002 130.50000000000003 24175.145000000004 48.851666500000007 33.500000000000007 1.0000000180025095e-35 1526.5000000000002 27.500000000000004 346.50000000000006
decision_type=2 2 2 2 2 2 2 2 2 2 2 2 2 2
left_child=2 3 6 4 10 -5 12 -3 -8 -10 -2 -11 13 -1
right_child=1 7 -4 5 -6 -7 8 -9 9 11 -12 -13 -14 -15
leaf_value=-0.0496802258416498 -0.029309216071258831 0.066172368424946212 0.046408055464161685 0.030344812341122601 0.041540789103694055 0.082690639647513609 -0.041742979347371617 0.1003985215285669 0.014795293042280592 -0.034232870758833821 -0.001379862004636481 -0.0054197204082496462 -0.017997991749363361 -0.02125905284006796
leaf_weight=167.81373450160027 18.72604076564312 42.636313557624817 8.3989039659500104 29.093390066176653 13.790272288024424 19.639186810702085 16.964711353182793 37.443185374140739 10.63365541025996 17.141543030738831 17.016632135957479 15.937566209584473 8.295869939029215 7.7782799899578086
leaf_count=4436 314 354 99 379 138 174 374 215 212 352 257 297 189 178
internal_value=-8.15579e-05 0.053613 -0.038061 0.0274782 0.000431492 0.0538684 -0.0413147 0.0842321 -0.0216539 -0.0123722 -0.0167901 -0.0214511 -0.0474994 -0.0486748
internal_weight=431.309 178.345 252.964 98.2655 49.5329 48.7326 244.565 80.0795 60.6775 43.7128 35.7427 33.0791 183.888 175.592
internal_count=7968 1831 6137 1262 709 553 6038 569 1235 861 571 649 4803 4614
is_linear=0
shrinkage=0.05


Tree=10
num_leaves=15
num_cat=0
split_feature=6 9 61 116 48 66 32 19 48 32 32 58 100 10
split_gain=308.087 50.3998 21.597 15.611 14.6107 13.3598 9.8259 14.882 9.59426 3.8235 3.52726 3.05284 1.16478 0.0484365
threshold=2617.8000000000006 3956.8000000000006 6.5000000000000009 0.0029133423500000005 2921.6262500000007 3.5000000000000004 1215.5000000000002 128.06854000000001 6922.3795000000009 677.50000000000011 852.50000000000011 43.500000000000007 3.5000000000000004 131.85000000000002
decision_type=2 2 2 2 2 2 2 2 2 2 2 2 2 2
left_child=2 5 9 -3 12 -2 7 -7 -8 11 -11 13 -4 -1
right_child=1 3 4 -5 -6 6 8 -9 -10 10 -12 -13 -14 -15
leaf_value=-0.048590217649456618 -0.010714923310785723 0.0540524238578056 -0.012916633022778318 0.1069125247628394 0.033087757644358111 0.019781395898071503 -0.0090111929198553702 0.075119452605554554 0.037657029358748512 5.3958932663004879e-05 -0.036249770398335775 -0.015791937985641845 -0.039609830524828714 -0.026048494290032798
leaf_weight=162.67077753320336 19.021688498556614 37.624850153923035 10.75770001858473 32.812776289880276 15.376299280673264 25.795527663081884 20.418519210070372 24.796243373304605 20.422787468880415 10.437958903610708 16.607759121805429 10.341530140489338 9.7034856863319856 7.6997101977467528
leaf_count=4505 309 240 242 204 260 309 226 291 175 226 354 218 191 187
internal_value=-0.000779892 0.0483542 -0.0373632 0.0809488 -0.00141174 0.0264983 0.0343038 0.0487292 0.0149939 -0.0434921 -0.0231998 -0.0462419 -0.0279754 -0.0478855
internal_weight=424.488 180.892 243.595 70.4376 35.8375 110.455 91.4331 50.5918 40.8413 207.758 27.0457 180.712 20.4612 170.37
internal_count=7937 1754 6183 444 693 1310 1001 600 401 5490 580 4910 433 4692
is_linear=0
shrinkage=0.05


Tree=11
num_leaves=15
num_cat=0
split_feature=7 7 69 21 42 7 19 115 15 122 48 116 18 3
split_gain=286.727 43.2834 22.6779 20.4692 14.4062 7.89801 7.66047 6.4603 4.89881 3.01698 2.5401 5.84275 0.879052 0.747781
threshold=928.69000000000017 4674.8750000000009 6.5000000000000009 1567.5000000000002 24.500000000000004 498.55000000000007 165.07862500000002 0.071216252000000022 29.500000000000004 156.50000000000003 1015.8090500000002 0.0016821882500000001 85.515262000000021 1.5000000000000002
decision_type=2 2 2 2 2 2 2 2 2 2 2 2 2 2
left_child=4 2 6 -3 13 10 9 -8 -5 -2 12 -12 -6 -1
right_child=1 3 -4 8 5 -7 7 -9 -10 -11 11 -13 -14 -15
leaf_value=-0.048775619755077541 -0.024642192323564249 0.031517586873425311 0.067681534122670528 0.060550296228431368 -0.045055704590602742 0.0080203812670435019 0.043428437161603037 -0.0031162817475825001 0.095584962436367327 0.0011324635778916005 -0.036339466482167147 0.013690551643698676 -0.018377498468581777 -0.023456613010088636
leaf_weight=144.50785822048783 17.063255239278078 40.368986066430807 14.988452386111019 42.742172498255968 19.796995569020513 18.608424503356218 14.937938418239357 12.867702312767504 32.902537904679775 27.662081591784954 10.578573666512968 9.3765558488666993 8.4429367259144765 8.635080084204672
leaf_count=4170 289 297 160 340 511 373 224 201 180 390 228 197 201 231
internal_value=0.000183419 0.0427355 0.0156714 0.0625409 -0.0392236 -0.0190405 0.00339573 0.023125 0.0778586 -0.00933475 -0.0293922 -0.0137256 -0.0388226 -0.0476688
internal_weight=423.48 203.533 87.5194 116.014 219.946 66.8035 72.531 27.8056 75.6447 44.7253 48.1951 19.9551 28.2399 153.143
internal_count=7992 2081 1264 817 5911 1510 1104 425 520 679 1137 425 712 4401
is_linear=0
shrinkage=0.05


Tree=12
num_leaves=14
num_cat=0
split_feature=54 7 54 48 7 10 18 11 114 56 24 30 122
split_gain=271.44 41.9813 16.3062 13.2434 12.6568 12.6462 8.51083 8.02522 8.71588 4.08275 3.5512 2.98731 2.04148
threshold=755.50000000000011 2520.2100000000005 97.500000000000014 2381.7958000000003 14533.645000000002 323.22000000000008 92.520885500000006 363.90000000000003 0.069721345000000004 145.50000000000003 1722.5000000000002 1948.5000000000002 104.50000000000001
decision_type=2 2 2 2 2 2 2 2 2 2 2 2 2
left_child=2 3 -1 10 7 -5 12 8 -3 11 -2 -8 -4
right_child=1 4 6 5 -6 -7 9 -9 -10 -11 -12 -13 -14
leaf_value=-0.049139294618409865 -0.034704321144853049 0.04567193707710613 -0.04202325510733506 -0.0047219295781157113 0.073650875722129847 0.057513421017076641 -0.029910402943030795 0.063143074233687799 0.0062068207189962263 0.019232623054709488 0.00083844957616097018 -0.00063929553352597341 -0.015116567305740151
leaf_weight=130.75704489275813 14.727004934102299 31.573392286896706 33.223683472722769 15.6084844134748 61.241342842578888 14.491126641631125 13.598876606673 28.434051334857941 25.216897413134575 11.075840611010788 11.960427705198525 19.959154162555933 12.742630146443842
leaf_count=3938 290 308 888 273 342 181 313 194 220 188 215 388 278
internal_value=0.000287169 0.0417938 -0.0378577 0.00504398 0.0557824 0.0269572 -0.020866 0.0415479 0.0289553 -0.00491326 -0.0198273 -0.0135161 -0.0355056
internal_weight=424.61 203.253 221.357 56.787 146.466 30.0996 90.6002 85.2243 56.7903 44.6339 26.6874 33.558 45.9663
internal_count=8016 2023 5993 959 1064 454 2055 722 528 889 505 701 1166
is_linear=0
shrinkage=0.05


Tree=13
num_leaves=15
num_cat=0
split_feature=0 98 54 7 54 122 102 68 6 36 40 89 54 3
split_gain=238.167 28.2798 22.1159 14.4497 7.82624 7.78715 7.71921 7.43078 3.17736 3.96887 1.85375 0.818714 1.19926 0.471818
threshold=15.500000000000002 22.500000000000004 115.50000000000001 2950.8000000000006 2679.0000000000005 159.50000000000003 7.5000000000000009 10.500000000000002 2678.6600000000003 27.500000000000004 3.5000000000000004 2.5000000000000004 203.50000000000003 1.5000000000000002
decision_type=2 2 2 2 2 2 2 2 2 2 2 2 2 2
left_child=2 3 13 5 -5 -2 -3 8 9 10 -4 12 -12 -1
right_child=1 6 7 4 -6 -7 -8 -9 -10 -11 11 -13 -14 -15
leaf_value=-0.049203343647904373 -0.025095775626171282 0.039527408394484313 -0.0095303604004843435 0.049991289286877905 0.014010190729166039 0.017485664561909448 0.073544015377758287 0.022052092014020638 0.0006883408040288916 -4.2091684018507018e-05 -0.017620269608602197 -0.017188510168397366 -0.043784123445683304 -0.022424122309658481
leaf_weight=120.18730903789401 17.489801824092865 36.973315995186567 11.05625895410776 39.484618362039328 27.034285612404346 21.922663502395153 53.754432395100594 9.7832213416695577 14.354895308613775 13.231999929994343 9.7665334902703744 10.928468834608791 27.92861856892705 6.5838281884789458
leaf_count=3823 306 258 312 387 189 352 321 145 199 264 276 260 687 184
internal_value=0.000597256 0.0405255 -0.0345336 0.0223275 0.0362038 -0.00170982 0.0608331 -0.0160921 -0.0207666 -0.0248962 -0.0302267 -0.0343703 -0.0382346 -0.0481825
internal_weight=420.48 196.659 223.821 105.931 66.5189 39.4125 90.7277 97.05 87.2668 72.9119 59.6799 48.6236 37.6952 126.771
internal_count=7963 1813 6150 1234 576 658 579 2143 1998 1799 1535 1223 963 4007
is_linear=0
shrinkage=0.05


Tree=14
num_leaves=16
num_cat=0
split_feature=54 9 71 121 9 44 116 116 119 21 33 49 38 55 55
split_gain=218.056 49.294 17.3523 12.5568 10.3108 7.8201 12.2936 6.53022 5.1147 4.49169 3.65143 2.14174 3.19792 1.3002 1.24079
threshold=482.50000000000006 3956.8000000000006 9.5000000000000018 4731.9150000000009 74.90000000000002 53.500000000000007 0.0029607715000000002 0.0029133423500000005 8.5000000000000018 1464.5000000000002 298.50000000000006 87.823440000000019 26.500000000000004 68.500000000000014 100.50000000000001
decision_type=2 2 2 2 2 2 2 2 2 2 2 2 2 2 2
left_child=4 2 3 8 13 6 -5 -3 9 -2 11 12 -6 -1 -15
right_child=1 7 -4 5 10 -7 -8 -9 -10 -11 -12 -13 -14 14 -16
leaf_value=-0.049080214417096625 -0.0031223276324916049 0.044969280100537745 0.054956981483402723 0.056973912188327286 -0.029705056096745237 0.00024265606753684683 0.0087442318700218843 0.078384795360185014 0.011345923663081124 -0.041476264384223152 0.0049043241553481734 -0.04143821896762051 0.010181704243707989 -0.010016037872036839 -0.03770264066292961
leaf_weight=117.44840645976365 14.060110153630378 40.93172225356102 21.504410810768604 22.47086450830102 9.2986156567931229 34.990909855812788 30.628631491214037 41.567044377326965 12.890028718858956 15.665749728679655 12.718141308054326 11.728679416701196 7.6465854290872803 7.6433420851826694 15.7205877546221
leaf_count=3890 268 230 167 282 255 326 376 220 276 304 251 267 186 225 428
internal_value=0.00083678 0.0325796 0.0153446 0.0080974 -0.0399631 0.0187422 0.0304815 0.0632625 -0.01376 -0.0246756 -0.0169182 -0.0262862 -0.0125313 -0.0464053 -0.0301492
internal_weight=416.914 234.709 152.211 130.706 182.204 88.0904 53.0995 82.4988 42.6159 29.7259 41.392 28.6739 16.9452 140.812 23.3639
internal_count=7951 2449 1999 1832 5502 984 658 450 848 572 959 708 441 4543 653
is_linear=0
shrinkage=0.05


Tree=15
num_leaves=15
num_cat=0
split_feature=7 46 138 122 6 120 36 54 34 32 18 115 32 47
split_gain=198.506 42.9014 22.3303 12.295 11.3219 12.3777 7.38277 4.1292 3.76085 5.417 3.33274 8.99185 1.75513 0.442926
threshold=539.23000000000013 9575.0460000000003 70.500000000000014 287.50000000000006 27793.425000000003 59.500000000000007 12.500000000000002 1235.5000000000002 50.500000000000007 297.50000000000006 48.851666500000007 0.081437430000000019 712.50000000000011 3565.6495000000004
decision_type=2 2 2 2 2 2 2 2 2 2 2 2 2 2
left_child=6 3 4 7 5 -3 12 8 9 -2 13 -12 -1 -8
right_child=1 2 -4 -5 -6 -7 10 -9 -10 -11 11 -13 -14 -15
leaf_value=-0.048091290306271739 -0.034603115658025284 0.063753243534498613 0.011653192012312134 0.03160181232604594 0.076249418965089355 0.023778901083791423 -0.018602365584139777 0.0074563777729095351 -0.037844781848760861 0.0094671491191210475 0.02512032292668569 -0.037744984654101976 -0.014115332127692025 -0.042999620331615938
leaf_weight=127.88157925754786 9.3701552562415618 34.737953996285796 44.68439894542098 18.370121642947197 39.105868063867092 49.579449150711298 8.6117227636277693 16.451169993728399 17.363401502370834 16.433218138292432 10.303976269438865 8.6090398877859098 6.0050828680396071 9.170634722337125
leaf_count=4347 225 388 348 201 200 393 246 215 306 336 240 212 156 230
internal_value=-0.000123482 0.0285235 0.0426024 -0.00213063 0.0534428 0.0413435 -0.0413036 -0.013213 -0.0210716 -0.00787432 -0.0198756 -0.00436848 -0.0467976 -0.0342596
internal_weight=416.678 246.096 168.108 77.9881 123.423 84.3174 170.582 59.6179 43.1668 25.8034 36.6954 18.913 133.887 17.7824
internal_count=8043 2612 1329 1283 981 781 5431 1082 867 561 928 452 4503 476
is_linear=0
shrinkage=0.05


Tree=16
num_leaves=16
num_cat=0
split_feature=7 55 9 56 116 30 24 54 21 33 71 33 121 59 55
split_gain=192.127 23.8161 22.6256 9.3615 6.81995 6.48013 6.37407 6.1821 5.88385 6.25371 3.96799 3.7197 2.97855 1.16024 0.390437
threshold=1565.6450000000002 130.50000000000003 3956.8000000000006 559.50000000000011 0.0021032532000000003 4838.5000000000009 2102.5000000000005 1023.5000000000001 1440.5000000000002 350.50000000000006 4.5000000000000009 392.50000000000006 3904.1150000000002 8.5000000000000018 70.500000000000014
decision_type=2 2 2 2 2 2 2 2 2 2 2 2 2 2 2
left_child=1 11 3 5 -4 7 8 -2 9 -3 -5 13 -10 14 -1
right_child=2 6 4 10 -6 -7 -8 -9 12 -11 -12 -13 -14 -15 -16
leaf_value=-0.048919328211426437 0.00042955680247962593 -0.018638292143521314 0.035598108975635805 0.018312858479824591 0.067627290590240197 -0.016277529482442894 0.023663118612078496 0.037789317836298478 -0.040608276612004751 0.025430249241508308 0.046630389772498879 -0.0064034906038076796 -0.0058269108801498257 -0.022291838196368211 -0.023074958678010429
leaf_weight=115.29560124874115 24.546253245323896 15.878493618220093 38.278497025370598 26.284060642123222 47.903722755610943 19.26087974011898 11.106050180271266 18.243587885051966 19.302944721654061 12.650145746767519 31.252173215150833 6.8354882355779401 9.721413614228366 9.9407909438014013 6.8322486151009789
leaf_count=4118 368 381 205 236 245 207 221 197 448 227 213 177 182 291 212
internal_value=0.00110523 -0.0326799 0.0351714 0.0205519 0.0545313 0.00671842 -0.00826381 0.0173342 -0.0150126 0.00128837 0.0347439 -0.0444599 -0.0300852 -0.0463047 -0.0478686
internal_weight=413.332 207.563 205.769 119.587 86.1822 62.0507 68.659 42.7898 57.553 28.5286 57.5362 138.904 29.0244 132.069 122.128
internal_count=7928 6257 1671 1221 450 772 1459 565 1238 608 449 4798 630 4621 4330
is_linear=0
shrinkage=0.05


Tree=17
num_leaves=17
num_cat=0
split_feature=0 71 55 18 27 122 115 18 25 43 67 9 14 21 21 33
split_gain=171.007 31.2979 20.2755 19.8175 6.97499 6.71299 5.63325 8.37523 5.23241 4.9622 4.95239 3.27506 3.03144 2.67564 1.66378 1.03651
threshold=15.500000000000002 4.5000000000000009 71.500000000000014 141.17232500000003 1080.5000000000002 221.50000000000003 0.084246230000000019 48.851666500000007 1.5000000000000002 16.500000000000004 22.500000000000004 287.45000000000005 80.500000000000014 1464.5000000000002 1652.5000000000002 322.50000000000006
decision_type=2 2 2 2 2 2 2 2 2 2 2 2 2 2 2 2
left_child=2 3 11 5 -5 14 7 -4 -9 -10 -3 15 -12 -8 -2 -1
right_child=1 10 6 4 -6 -7 13 8 9 -11 12 -13 -14 -15 -16 -17
leaf_value=-0.049980810344674588 -0.014581137202379272 0.030685303839814073 -0.035255869285834067 0.012295997056074939 0.047221440546722018 0.0077666476212855081 -0.010106896094916685 0.025631190290339306 0.015198332831826013 -0.031656475902057411 0.068474421414582862 -0.0076199487786505317 0.041795617692069256 -0.042227992327041136 -0.042764064525017464 -0.017588991557864888
leaf_weight=105.16145804524422 13.525107171386482 35.160685371607542 13.018692402169107 31.899162203073502 27.121750511229038 19.52898576669395 12.138603189960124 19.338366579264402 9.14572272449732 9.790769834071396 37.865305814892054 5.9112601038068524 36.191952154040337 17.40919179469347 11.92450483702123 5.3965013306587926
leaf_count=3977 245 234 363 305 211 258 280 327 232 196 230 149 180 401 198 157
internal_value=-0.000222227 0.0306837 -0.0335925 0.0107299 0.0293669 -0.0139347 -0.0138691 -0.00349812 0.00851822 -0.00973696 0.0491494 -0.0468172 0.0568783 -0.0305095 -0.02994 -0.0487403
internal_weight=410.528 213.217 197.311 104 59.0209 44.9786 80.8413 51.2936 38.2749 18.9365 109.218 116.469 74.0573 29.5478 25.4496 110.558
internal_count=7943 1861 6082 1217 516 701 1799 1118 755 428 644 4283 410 681 443 4134
is_linear=0
shrinkage=0.05


Tree=18
num_leaves=15
num_cat=0
split_feature=0 59 54 133 115 118 20 94 36 122 18 79 31 15
split_gain=157.897 24.4329 21.5844 13.1455 18.2754 10.4231 8.40082 5.7405 5.46373 3.25054 2.3064 4.44871 1.36705 0.418963
threshold=16.500000000000004 209.50000000000003 115.50000000000001 49.500000000000007 0.071216252000000022 0.0019238606000000003 171.45556000000002 23.500000000000004 27.500000000000004 255.50000000000003 64.437500000000014 6.5000000000000009 1381.0000000000002 1.5000000000000002
decision_type=2 2 2 2 2 2 2 2 2 2 2 2 2 2
left_child=2 3 13 4 5 -2 8 -6 10 -5 -4 -12 -13 -1
right_child=1 -3 6 9 7 -7 -8 -9 -10 -11 11 12 -14 -15
leaf_value=-0.04926571854933412 0.018995402833826298 0.054477710770843346 -0.041834264867197241 -0.019299922445994506 0.018208894019553928 0.063204693806067511 0.01237450792673158 -0.014897452196887907 0.0021933221092016882 0.0076275232293712457 0.0079442820503425032 -0.041296533217040042 -0.012612961337884768 -0.023062827459722116
leaf_weight=95.922417070716619 25.316305380314589 65.626179896295071 23.434279721230268 20.439406098797917 28.628703413531184 33.126863658428192 21.170523200184107 20.965162079781294 16.92535687610507 20.772634416818619 9.7429417874664086 12.068106260150673 9.3830202762037498 6.8420402258634558
leaf_count=3812 242 342 730 241 356 284 327 182 321 159 279 313 210 226
internal_value=-3.82707e-05 0.0294151 -0.0323825 0.0178201 0.0268515 0.0453164 -0.0144318 0.00417864 -0.0224838 -0.00600249 -0.0299368 -0.0190169 -0.0308956 -0.0479947
internal_weight=410.364 214.875 195.489 149.249 108.037 58.4432 92.7242 49.5939 71.5537 41.212 54.6283 31.1941 21.4511 102.764
internal_count=8024 1806 6218 1464 1064 526 2180 538 1853 400 1532 802 523 4038
is_linear=0
shrinkage=0.05


Tree=19
num_leaves=16
num_cat=0
split_feature=58 6 111 9 24 32 135 33 132 122 19 19 119 45 14
split_gain=144.573 25.7173 11.3294 9.29649 7.16024 6.89622 6.76155 9.66191 6.0576 6.77531 4.55965 3.90268 4.10949 1.61154 1.39998
threshold=29.500000000000004 6319.3550000000005 4.5000000000000009 74.90000000000002 2142.5000000000005 982.50000000000011 56.500000000000007 794.50000000000011 44.500000000000007 140.50000000000003 136.47388500000002 166.92363000000003 7.5000000000000009 5.5000000000000009 3.5000000000000004
decision_type=2 2 2 2 2 2 2 2 2 2 2 2 2 2 2
left_child=3 2 4 13 8 -3 7 -7 9 11 14 12 -2 -1 -5
right_child=1 5 -4 10 -6 6 -8 -9 -10 -11 -12 -13 -14 -15 -16
leaf_value=-0.047563438724769362 -0.038407753190092347 0.018113393021544986 0.04231776042807938 -0.0099008374571910255 0.025814515362081399 0.068332253156166728 0.021896454785368821 0.030350979179409428 -0.032635560414757986 0.021408546188568144 0.0055157804037802988 0.010160351693611812 0.0026448980697456933 -0.018552145249460431 -0.040412697600433839
leaf_weight=104.43293053843081 15.630627028644087 46.986504130065441 13.705195106565951 7.648079393431547 14.914496218785642 38.074772898107767 34.643569067120552 38.671966407448053 19.526094982400537 19.125246878713369 15.103507118299602 10.470395233482121 8.9444012958556396 8.6325584519654495 10.934316789731382
leaf_count=4204 334 344 113 251 237 234 194 211 354 288 329 158 208 272 279
internal_value=0.000509304 0.0228099 0.00315857 -0.0388801 -0.00369842 0.0353075 0.0421129 0.0504508 -0.0101954 -0.0012327 -0.0146807 -0.0140774 -0.0243915 -0.0457094 -0.0300371
internal_weight=407.445 260.693 102.316 146.751 88.6113 158.377 111.39 76.7467 73.6968 54.1707 33.6859 35.0454 24.575 113.065 18.5824
internal_count=8010 2675 1692 5335 1579 983 639 445 1342 988 859 700 542 4476 530
is_linear=0
shrinkage=0.05


Tree=20
num_leaves=14
num_cat=0
split_feature=7 46 137 114 5 122 71 55 18 62 22 48 33
split_gain=137.764 27.9681 13.7825 11.4402 16.101 11.2983 9.22381 5.69978 4.30764 3.88491 5.39542 2.79552 1.09556
threshold=498.55000000000007 9575.0460000000003 56.500000000000007 0.04217700650000001 1.5000000000000002 191.50000000000003 7.5000000000000009 89.500000000000014 96.003937500000021 2.5000000000000004 1.5000000000000002 1201.0436500000003 329.50000000000006
decision_type=2 2 2 2 2 2 2 2 2 2 2 2 2
left_child=7 5 3 -3 -5 9 -4 12 11 10 -2 -9 -1
right_child=1 2 6 4 -6 -7 -8 8 -10 -11 -12 -13 -14
leaf_value=-0.047578944148121471 0.020785997428179319 0.068880368865001609 -0.0098908896339304029 0.0079811652996320936 0.048651608256415728 0.018147638975909239 0.029160200436629081 -0.043626434252494961 0.0051409356744429608 -0.034039939097689369 -0.022278490845045497 -0.010890535631606734 -0.014566712249152194
leaf_weight=94.53534478135407 10.212667392566802 28.044524854049087 27.140822730958462 42.704537119716406 57.555772840976715 33.86676886305213 30.092523209750652 16.9405701905489 10.267898213118313 20.634473634883761 16.15753785148263 12.573150746524332 4.8206185270100823
leaf_count=4070 203 225 264 384 318 395 159 540 258 339 392 307 153
internal_value=0.000212856 0.0212403 0.0318407 0.0408562 0.0318235 -0.00326106 0.010933 -0.0397793 -0.0220659 -0.0187971 -0.00531086 -0.0312568 -0.0462963
internal_weight=405.547 266.41 185.538 128.305 100.26 80.8714 57.2333 139.138 39.7816 47.0047 26.3702 29.5137 99.356
internal_count=8007 2679 1350 927 702 1329 423 5328 1105 934 595 847 4223
is_linear=0
shrinkage=0.05


Tree=21
num_leaves=17
num_cat=0
split_feature=55 9 54 11 21 102 19 55 50 50 118 122 18 18 21 126
split_gain=111.644 17.8117 17.7427 7.4613 7.94806 7.36806 6.96633 5.97935 7.93145 4.47196 3.2872 5.30498 3.07834 7.96846 0.986297 0.7742
threshold=397.50000000000006 4233.6850000000004 97.500000000000014 358.95000000000005 2272.5000000000005 1.5000000000000002 238.86477000000002 2109.5000000000005 11.500000000000002 40.500000000000007 0.0068912750500000003 221.50000000000003 86.474000000000018 129.57857500000003 1385.5000000000002 1.5000000000000002
decision_type=2 2 2 2 2 2 2 2 2 2 2 2 2 2 2 2
left_child=2 3 15 4 5 -2 9 8 -7 10 11 12 14 -14 -4 -1
right_child=1 -3 6 -5 -6 7 -8 -9 -10 -11 -12 -13 13 -15 -16 -17
leaf_value=-0.048122709086847237 -0.024786247932104981 0.040686886231692747 -0.018382269768042015 0.031574434019819929 0.032392538544455632 0.018475335030586619 0.014050898375701299 0.027748873673644415 -0.025103319445340833 0.012516231577020726 -0.044567503556018892 0.01684776206379093 0.025308969709839532 -0.032084762813787228 -0.045082403624486837 -0.022461382737744666
leaf_weight=79.829430131241679 24.150928929448128 82.584140799939632 10.120967773720624 31.233617778867483 18.018045445904136 17.809324070811272 16.077279519289732 20.078373190015554 20.180145332589746 7.8040320947766295 15.249903850257395 7.9103321488946667 8.3702612873166817 12.780776731669901 13.706501752138136 8.4732142351567727
leaf_count=3570 360 390 347 218 196 269 239 161 235 151 330 126 227 303 469 351
internal_value=-0.00158432 0.0227391 -0.0303905 0.0110243 0.00412856 -0.00268758 -0.0145478 0.0070227 -0.00477154 -0.0208074 -0.024872 -0.0177761 -0.0243234 -0.00914763 -0.0360429 -0.0462123
internal_weight=394.377 214.055 180.323 131.47 100.237 82.2188 92.0201 58.0678 37.9895 75.9428 68.1387 52.8888 44.9785 21.151 23.8275 88.3026
internal_count=7942 1829 6113 1439 1221 1025 2192 665 504 1953 1802 1472 1346 530 816 3921
is_linear=0
shrinkage=0.05


Tree=22
num_leaves=17
num_cat=0
split_feature=7 15 121 43 54 118 46 34 35 46 15 66 28 30 69 126
split_gain=124.281 24.7782 10.6274 8.99264 9.51631 8.4529 6.35404 7.20186 5.38675 3.44566 3.38969 2.67115 1.47991 1.10154 0.268348 0.0370108
threshold=539.23000000000013 29.500000000000004 9356.0350000000017 144.50000000000003 1000.0000000000001 0.0028799153500000002 10864.275500000002 49.500000000000007 22.500000000000004 2037.5595000000003 59.500000000000007 14.500000000000002 226.50000000000003 2744.5000000000005 1.0000000180025095e-35 2.5000000000000004
decision_type=2 2 2 2 2 2 2 2 2 2 2 2 2 2 2 2
left_child=8 2 5 4 -4 6 7 -2 13 -10 -3 -7 14 15 -11 -1
right_child=1 10 3 -5 -6 11 -8 -9 9 12 -12 -13 -14 -15 -16 -17
leaf_value=-0.047889133626167042 0.019489652303220639 0.052656714889954638 0.00091747305498731063 -0.0025592341273065651 0.038714260988035265 -0.03890247780023863 0.026574406288784231 -0.031348515063980058 0.0082733974241741611 -0.043209074992934436 0.02905410454206744 -0.0066925215124781865 -0.0063930571003414094 -0.013952672719391318 -0.020503988739199112 -0.021435565719713424
leaf_weight=89.84922787733376 10.564138650894167 40.170766431838274 23.799243001267314 35.64659146592021 54.240203537046909 16.145189687609676 20.532447148114443 13.977152531966565 7.2253250796347848 9.8193884268403107 41.080791931599379 11.496380029246209 6.9106449019163838 4.7094982638955107 9.0711180660873634 4.7906431183218947
leaf_count=4090 279 210 314 224 388 346 255 248 242 283 195 154 251 152 210 206
internal_value=-0.000578705 0.0190002 0.00876427 0.0181925 0.0274985 -0.00606864 0.00728213 -0.00964495 -0.0398591 -0.0205087 0.0417079 -0.0268615 -0.0285842 -0.0457601 -0.035313 -0.0470214
internal_weight=400.029 267.653 186.401 113.686 78.0394 72.7153 45.0737 24.5413 132.376 33.0265 81.2516 27.6416 25.8012 99.3494 18.8905 94.6399
internal_count=8047 2613 2208 926 702 1282 782 527 5434 986 405 500 744 4448 493 4296
is_linear=0
shrinkage=0.05


Tree=23
num_leaves=16
num_cat=0
split_feature=13 68 131 19 21 55 52 60 57 32 118 117 33 118 99
split_gain=110.891 18.9361 15.5072 15.0285 11.4908 10.8025 8.52276 7.72779 11.9478 7.94577 4.29479 3.19462 3.05913 3.02461 0.686517
threshold=6.5000000000000009 25.500000000000004 42.500000000000007 243.96786000000003 1953.5000000000002 93.500000000000014 24.500000000000004 62.500000000000007 46.500000000000007 1095.5000000000002 0.0017833262500000001 0.0027586679000000005 310.50000000000006 0.0027691245500000004 4.5000000000000009
decision_type=2 2 2 2 2 2 2 2 2 2 2 2 2 2 2
left_child=5 2 3 6 -4 12 7 8 13 -10 11 -7 -1 -2 -13
right_child=1 -3 4 -5 -6 10 -8 -9 9 -11 -12 14 -14 -15 -16
leaf_value=-0.048277986185437133 0.005616544367580991 0.043384149529567123 -0.031733806042948912 0.042732070314301547 0.016450599257387337 -0.0036749293640473656 0.039362078436265428 -0.022957811324143845 0.046182203859407633 0.0013707182894136059 0.0082851335828671973 -0.018380403405178821 -0.0087059822852717378 -0.026921367000888714 -0.04487602216005665
leaf_weight=86.8473189342767 10.731043275445701 59.17770466580987 29.267763689160347 45.078899208456278 18.858738604933023 12.395129086449741 16.419798692688346 21.376650400459766 21.856840636581182 17.114680059254169 12.889526220038531 8.5378468763083237 6.2110144309699526 16.34279078617692 11.166236644610761
leaf_count=4184 221 320 337 312 173 318 133 140 289 179 336 262 205 307 259
internal_value=-0.000414106 0.0190177 0.0113375 0.0192538 -0.0129494 -0.0362373 0.00844674 0.00188966 0.0103703 0.0275304 -0.0151968 -0.0245589 -0.0458756 -0.0145254 -0.036147
internal_weight=394.272 256.225 197.047 148.921 48.1265 138.047 103.842 87.422 66.0454 38.9715 44.9887 32.0992 93.0583 27.0738 19.7041
internal_count=7975 2411 2091 1581 510 5564 1269 1136 996 468 1175 839 4389 528 521
is_linear=0
shrinkage=0.05


Tree=24
num_leaves=18
num_cat=0
split_feature=8 93 54 133 54 9 29 3 146 21 21 21 3 91 9 27 29
split_gain=88.2669 16.9806 15.4765 12.7338 10.5659 5.96099 5.7313 7.45323 4.42487 4.65582 4.99886 5.78684 3.02834 1.95839 1.65245 1.19473 0.453568
threshold=621.19000000000017 2.5000000000000004 109.50000000000001 49.500000000000007 940.50000000000011 6194.7300000000005 1.5000000000000002 7.5000000000000009 1.5000000000000002 2196.5000000000005 1440.5000000000002 1212.5000000000002 1.5000000000000002 1.5000000000000002 152.10000000000002 930.50000000000011 59.500000000000007
decision_type=2 2 2 2 2 2 2 2 2 2 2 2 2 2 2 2 2
left_child=2 3 12 4 13 6 -6 -8 9 10 11 14 -1 -2 16 -12 -4
right_child=1 -3 8 -5 5 -7 7 -9 -10 -11 15 -13 -14 -15 -16 -17 -18
leaf_value=-0.048359415413567128 -0.02175691471042861 0.043499677801619306 -0.040109247643688818 -0.012215812208875791 -0.0015325459847240137 0.043233800038544011 0.044170411366704979 0.0077403769666250484 0.014515137838848525 0.0085077558698166949 -0.045149742702256912 0.024505245183654337 -0.0035742480555851931 0.0039034637989673461 -0.0012520306773027544 -0.019274614814729626 -0.013984373946184989
leaf_weight=73.59178364276886 13.651350133121015 48.3736702054739 6.7767626810818964 44.933327585458755 27.991266291588545 29.895221292972565 26.58806037157774 29.633316833525896 9.991233713924883 11.923795826733111 20.179092204198245 7.820822359994053 4.3235796783119431 13.179404670372604 6.8410579804331055 11.552293224260209 6.0452800132334232
leaf_count=3779 232 255 204 398 190 132 270 207 265 276 595 212 166 175 156 278 210
internal_value=-0.00178597 0.0176817 -0.0303218 0.010571 0.017905 0.0244651 0.0169539 0.0258943 -0.0144956 -0.0188556 -0.0244635 -0.00796859 -0.0460259 -0.009756 -0.0219547 -0.0374309 -0.031341
internal_weight=393.291 234.246 159.046 185.872 140.939 114.108 84.2126 56.2214 81.1303 71.1391 59.2153 27.4839 77.9154 26.8308 19.6631 31.7314 12.822
internal_count=8000 1859 6141 1604 1206 799 667 477 2196 1931 1655 782 3945 407 570 873 414
is_linear=0
shrinkage=0.05


Tree=25
num_leaves=17
num_cat=0
split_feature=55 54 116 15 119 19 126 114 27 36 46 6 50 25 4 58
split_gain=86.4479 18.3659 11.0223 11.0044 9.69305 7.34823 5.70867 5.84258 4.78196 4.52961 3.48133 6.58461 3.4002 2.51843 1.21235 3.63997
threshold=397.50000000000006 112.50000000000001 8.1596115000000011e-05 12.500000000000002 7.5000000000000009 172.36833000000004 1.5000000000000002 0.075161408000000013 845.50000000000011 10.500000000000002 908.1105950000001 347.85000000000008 36.500000000000007 1.5000000000000002 1.5000000000000002 29.500000000000004
decision_type=2 2 2 2 2 2 2 2 2 2 2 2 2 2 2 2
left_child=1 13 -2 4 8 10 7 -5 -4 -7 11 -3 14 -1 15 -12
right_child=2 5 3 6 -6 9 -8 -9 -10 -11 12 -13 -14 -15 -16 -17
leaf_value=-0.007104573390538685 -0.0087061710886291287 -0.027486875851932647 -0.020771155065990178 0.0095283864639322067 0.038917406547516256 0.028717611334538679 0.047052090291712173 0.036727270222940069 0.0088954064251239671 -0.010159236285696678 -0.03819090247845125 0.037176648420418588 0.0032984046383934618 -0.047683184095381664 -0.043064051932171665 -0.00085004949291653427
leaf_weight=4.8376064263284198 29.116074511781335 6.5078834518790227 21.192670656368136 40.764242589473724 16.047393826767802 13.010664688423278 44.205265305936337 40.087051294744015 30.940593520179391 13.424831626936792 13.015808181837203 5.3390722591429949 7.582738757133483 72.963776171207428 17.205637220293283 11.708079800009726
leaf_count=210 316 272 307 219 221 215 232 218 320 190 443 168 145 3835 345 319
internal_value=-0.000821422 -0.0279859 0.0194782 0.0237706 0.00731881 -0.0118852 0.0324837 0.023575 -0.00348619 0.00964871 -0.0211745 0.00281556 -0.0268011 -0.0454013 -0.0321468 -0.021895
internal_weight=387.949 165.596 222.353 193.237 68.1807 87.7947 125.057 80.8513 52.1333 26.4355 61.3592 11.847 49.5123 77.8014 41.9295 24.7239
internal_count=7975 6142 1833 1517 848 2097 669 437 627 405 1692 440 1252 4045 1107 762
is_linear=0
shrinkage=0.05


Tree=26
num_leaves=18
num_cat=0
split_feature=55 100 121 35 137 54 34 13 55 24 24 37 0 54 31 31 57
split_gain=95.2423 19.3763 9.57097 9.37896 8.91926 7.85076 7.54316 5.9221 5.32961 4.48449 3.00601 2.79304 2.5457 2.16008 5.11126 2.14895 1.15955
threshold=199.50000000000003 5.5000000000000009 9356.0350000000017 29.500000000000004 56.500000000000007 97.500000000000014 41.500000000000007 57.500000000000007 1530.0000000000002 1774.5000000000002 2135.5000000000005 22.500000000000004 10.500000000000002 203.50000000000003 1037.5000000000002 752.50000000000011 2.5000000000000004
decision_type=2 2 2 2 2 2 2 2 2 2 2 2 2 2 2 2 2
left_child=5 2 3 6 7 -1 -2 -3 9 -4 13 12 -5 14 16 -15 -7
right_child=1 4 8 11 -6 10 -8 -9 -10 -11 -12 -13 -14 15 -16 -17 -18
leaf_value=-0.046219473096033054 -0.010335174251172089 0.024953496627305862 -0.009778460918581082 -0.0096290108445866301 0.010802099850770101 -0.0073361097011789451 0.049023770430613442 0.053327014670959884 0.032127989788221088 0.018918342168494744 0.0071978128857640216 -0.0022772794125438265 -0.040578114057748922 -0.0098186016592893971 0.02324585926343202 -0.042662909854651557 -0.039284162994488538
leaf_weight=71.590936927124858 9.9812443517148512 41.696324471384287 23.934758840128779 11.98686487041414 38.632488260045648 6.0063870567828435 8.2842498105019313 43.742716580629349 29.07266391441226 26.980466919019818 7.9400842580944291 13.076193429529665 19.091951925307512 8.6263265665620583 6.0104911960661402 17.748134246096015 6.3570830952376127
leaf_count=3924 271 329 206 275 239 254 167 201 160 222 187 177 287 256 177 432 235
internal_value=0.000355372 0.017197 0.0044902 -0.0100052 0.0314791 -0.0354568 0.0187681 0.0403675 0.0157702 0.00556854 -0.0196774 -0.0222053 -0.0299452 -0.02455 -0.00985699 -0.0333697 -0.0269459
internal_weight=390.759 266.48 142.408 62.4205 124.072 124.279 18.2655 85.439 79.9879 50.9152 52.6885 44.155 31.0788 44.7484 18.374 26.3745 12.3635
internal_count=7999 2534 1765 1177 769 5465 438 530 588 428 1541 739 562 1354 666 688 489
is_linear=0
shrinkage=0.05


Tree=27
num_leaves=16
num_cat=0
split_feature=7 15 118 39 48 31 55 29 6 6 20 57 49 117 97
split_gain=88.2559 16.7331 10.5352 8.89688 7.62372 9.90817 6.82637 6.78406 6.16139 4.701 3.60156 4.19747 2.32529 0.92002 0.563531
threshold=552.85000000000014 20.500000000000004 0.0070052755000000006 207.50000000000003 1877.0410500000003 845.50000000000011 73.500000000000014 3.5000000000000004 19750.375000000004 5160.0950000000003 65.584722500000012 6.5000000000000009 168.55762500000003 0.0071968345000000015 1.5000000000000002
decision_type=2 2 2 2 2 2 2 2 2 2 2 2 2 2 2
left_child=6 2 3 4 5 -2 14 -6 -3 12 11 -8 -7 -13 -1
right_child=1 8 -4 -5 7 9 10 -9 -10 -11 -12 13 -14 -15 -16
leaf_value=-0.046490233640036016 0.039236593895411481 0.016407490818487615 -0.026786471380953837 -0.011032970089838157 0.0112140474174249 -0.0032395077107057234 0.0048860453743222948 0.04875363946976824 0.041080049906988117 0.0095267892410251381 0.007248938635535879 -0.018638254669686768 -0.035366968057872816 -0.045087552862973869 -0.018980317829964302
leaf_weight=66.252173233777285 13.648064197972415 47.282103784382343 19.39779657125473 33.681034598499537 23.95199017226696 10.150841636583211 7.8113970886915949 25.7799166534096 65.269788019359112 21.093967130407691 9.8547021560370904 10.107359789311888 12.020634079352019 13.046699786558746 5.8421270344406357
leaf_count=3846 297 281 338 279 208 216 298 281 283 202 268 303 218 395 282
internal_value=0.00118094 0.0165868 0.00604311 0.0108939 0.0178945 0.00507113 -0.0356101 0.0318063 0.0311827 -0.00696378 -0.017987 -0.0259708 -0.022143 -0.0359417 -0.0448335
internal_weight=385.191 272.276 159.724 140.326 106.645 56.9135 112.914 49.7319 112.552 43.2654 40.8202 30.9655 22.1715 23.1541 72.0943
internal_count=7995 2603 2039 1701 1422 933 5392 489 564 636 1264 996 434 698 4128
is_linear=0
shrinkage=0.05


end of trees

feature_importances:
Column_54=20
Column_55=19
Column_6=17
Column_7=17
Column_9=15
Column_32=15
Column_18=12
Column_21=11
Column_58=11
Column_122=11
Column_19=9
Column_27=9
Column_121=9
Column_10=8
Column_15=8
Column_33=8
Column_59=8
Column_0=7
Column_31=7
Column_46=7
Column_48=7
Column_115=7
Column_116=7
Column_24=6
Column_71=6
Column_118=6
Column_3=5
Column_114=5
Column_11=4
Column_29=4
Column_30=4
Column_36=4
Column_49=4
Column_8=3
Column_34=3
Column_37=3
Column_43=3
Column_45=3
Column_50=3
Column_56=3
Column_57=3
Column_62=3
Column_102=3
Column_117=3
Column_119=3
Column_126=3
Column_133=3
Column_12=2
Column_13=2
Column_14=2
Column_20=2
Column_25=2
Column_35=2
Column_40=2
Column_42=2
Column_47=2
Column_66=2
Column_68=2
Column_69=2
Column_100=2
Column_137=2
Column_138=2
Column_4=1
Column_5=1
Column_16=1
Column_22=1
Column_28=1
Column_38=1
Column_39=1
Column_44=1
Column_52=1
Column_53=1
Column_60=1
Column_61=1
Column_63=1
Column_67=1
Column_70=1
Column_79=1
Column_89=1
Column_91=1
Column_93=1
Column_94=1
Column_97=1
Column_98=1
Column_99=1
Column_111=1
Column_120=1
Column_131=1
Column_132=1
Column_135=1
Column_141=1
Column_146=1

parameters:
[boosting: gbdt]
[objective: binary]
[metric: auc,binary_logloss]
[tree_learner: serial]
[device_type: cpu]
[data_sample_strategy: bagging]
[data: ]
[valid: ]
[num_iterations: 2000]
[learning_rate: 0.05]
[num_leaves: 31]
[num_threads: -1]
[seed: 20260825]
[deterministic: 0]
[force_col_wise: 0]
[force_row_wise: 0]
[histogram_pool_size: -1]
[max_depth: -1]
[min_data_in_leaf: 200]
[min_sum_hessian_in_leaf: 0.001]
[bagging_fraction: 0.8]
[pos_bagging_fraction: 1]
[neg_bagging_fraction: 1]
[bagging_freq: 1]
[bagging_seed: 20260825]
[bagging_by_query: 0]
[feature_fraction: 0.8]
[feature_fraction_bynode: 1]
[feature_fraction_seed: 20260825]
[extra_trees: 0]
[extra_seed: 27901]
[early_stopping_round: 0]
[early_stopping_min_delta: 0]
[first_metric_only: 0]
[max_delta_step: 0]
[lambda_l1: 0]
[lambda_l2: 2]
[linear_lambda: 0]
[min_gain_to_split: 0]
[drop_rate: 0.1]
[max_drop: 50]
[skip_drop: 0.5]
[xgboost_dart_mode: 0]
[uniform_drop: 0]
[drop_seed: 29628]
[top_rate: 0.2]
[other_rate: 0.1]
[min_data_per_group: 100]
[max_cat_threshold: 32]
[cat_l2: 10]
[cat_smooth: 10]
[max_cat_to_onehot: 4]
[top_k: 20]
[monotone_constraints: ]
[monotone_constraints_method: basic]
[monotone_penalty: 0]
[feature_contri: ]
[forcedsplits_filename: ]
[refit_decay_rate: 0.9]
[cegb_tradeoff: 1]
[cegb_penalty_split: 0]
[cegb_penalty_feature_lazy: ]
[cegb_penalty_feature_coupled: ]
[path_smooth: 0]
[interaction_constraints: ]
[verbosity: -1]
[saved_feature_importance_type: 0]
[use_quantized_grad: 0]
[num_grad_quant_bins: 4]
[quant_train_renew_leaf: 0]
[stochastic_rounding: 1]
[linear_tree: 0]
[max_bin: 255]
[max_bin_by_feature: ]
[min_data_in_bin: 3]
[bin_construct_sample_cnt: 200000]
[data_random_seed: 4775]
[is_enable_sparse: 1]
[enable_bundle: 1]
[use_missing: 1]
[zero_as_missing: 0]
[feature_pre_filter: 1]
[pre_partition: 0]
[two_round: 0]
[header: 0]
[label_column: ]
[weight_column: ]
[group_column: ]
[ignore_column: ]
[categorical_feature: ]
[forcedbins_filename: ]
[precise_float_parser: 0]
[parser_config_file: ]
[objective_seed: 9445]
[num_class: 1]
[is_unbalance: 0]
[scale_pos_weight: 1]
[sigmoid: 1]
[boost_from_average: 1]
[reg_sqrt: 0]
[alpha: 0.9]
[fair_c: 1]
[poisson_max_delta_step: 0.7]
[tweedie_variance_power: 1.5]
[lambdarank_truncation_level: 30]
[lambdarank_norm: 1]
[label_gain: ]
[lambdarank_position_bias_regularization: 0]
[eval_at: ]
[multi_error_top_k: 1]
[auc_mu_weights: ]
[num_machines: 1]
[local_listen_port: 12400]
[time_out: 120]
[machine_list_filename: ]
[machines: ]
[gpu_platform_id: -1]
[gpu_device_id: -1]
[gpu_use_dp: 0]
[num_gpu: 1]

end of parameters

pandas_categorical:null
