tree
version=v4
num_class=1
num_tree_per_iteration=1
label_index=0
max_feature_idx=8
objective=binary sigmoid:1
feature_names=Column_0 Column_1 Column_2 Column_3 Column_4 Column_5 Column_6 Column_7 Column_8
feature_infos=[0:721] [0:299] [0:1455154] [0:4939] [0:2584] [0:3806] [0:834119.59999999998] [0:4] [0:5]
tree_sizes=655 571 670 551 573 467 678 676 569 672 570 572 675 782 673 674 672 675 671 574 786 653 675 553 675 779 674 782 679 671 660 676 574 779 757 891 679 676 655 572 658 778 784 678 677 650 783 680 680 890 678 677 783 784 866 651 888 675 575 890 679 774 888 779 1216 762 886 671 784 676 678 773 574 777 763 854 891 574 781 890 785 762 768 976 761 890 784

Tree=0
num_leaves=5
num_cat=0
split_feature=6 6 4 4
split_gain=608.235 75.0289 9.29294 3.16395
threshold=5941.3750000000009 935.04000000000008 8.5000000000000018 15.500000000000002
decision_type=2 2 2 2
left_child=1 3 -3 -1
right_child=-2 2 -4 -5
leaf_value=-2.8175499109451527 -2.6647400422007248 -2.7756541930374081 -2.8051818119122474 -2.8345936529082554
leaf_weight=24.295451670885086 19.404110737144947 19.995371729135513 17.791580758988857 132.28120920807123
leaf_count=452 361 372 331 2461
internal_value=-2.80604 -2.82341 -2.78748 -2.83248
internal_weight=213.768 194.364 37.787 156.577
internal_count=3977 3616 703 2913
is_linear=0
shrinkage=1


Tree=1
num_leaves=4
num_cat=0
split_feature=6 6 0
split_gain=525.462 25.8731 2.51414
threshold=3169.1550000000002 558.75000000000011 3.5000000000000004
decision_type=2 2 2
left_child=1 -1 -3
right_child=-2 2 -4
leaf_value=-0.027915204482484808 0.10021721722987287 0.0062712421111270414 -0.0072666291386524473
leaf_weight=141.40826217457652 33.07997464761138 20.039678830653429 19.20829601213336
leaf_count=2693 565 369 359
internal_value=-0.00125553 -0.0221156 -8.77514e-05
internal_weight=213.736 180.656 39.248
internal_count=3986 3421 728
is_linear=0
shrinkage=0.03


Tree=2
num_leaves=5
num_cat=0
split_feature=6 6 6 6
split_gain=504.596 30.76 17.8004 0.42372
threshold=2757.6400000000008 935.04000000000008 7217.6900000000014 482.81500000000005
decision_type=2 2 2 2
left_child=1 3 -2 -1
right_child=2 -3 -4 -5
leaf_value=-0.027842707748121344 0.04743724650284814 0.0078159813043122243 0.11571416103239443 -0.011890762416290591
leaf_weight=132.70531754568219 18.716128546744585 24.356171529740095 19.905234128236771 15.824190150946377
leaf_count=2591 313 447 300 302
internal_value=0.000714337 -0.0216558 0.0922006 -0.0266835
internal_weight=211.507 172.886 38.6214 148.53
internal_count=3953 3340 613 2893
is_linear=0
shrinkage=0.03


Tree=3
num_leaves=4
num_cat=0
split_feature=6 6 4
split_gain=401.949 36.6955 1.31703
threshold=3169.1550000000002 558.75000000000011 8.5000000000000018
decision_type=2 2 2
left_child=1 -1 -3
right_child=-2 2 -4
leaf_value=-0.027208743547001198 0.081920901566628804 0.010027046954510638 0
leaf_weight=134.69180143252015 38.261858463287354 17.061898503452539 21.952026430517435
leaf_count=2695 555 309 412
internal_value=-6.2585e-05 -0.0199917 0.00484413
internal_weight=211.968 173.706 39.0139
internal_count=3971 3416 721
is_linear=0
shrinkage=0.03


Tree=4
num_leaves=4
num_cat=0
split_feature=6 6 4
split_gain=402.954 30.3077 3.54186
threshold=3169.1550000000002 558.75000000000011 8.5000000000000018
decision_type=2 2 2
left_child=1 -1 -3
right_child=-2 2 -4
leaf_value=-0.02797945837007304 0.078361310762875017 0.0099952390396491324 -0.0059154735809188461
leaf_weight=132.96380046755075 40.928995504975319 17.786415737122297 22.587063547223806
leaf_count=2726 554 319 424
internal_value=-0.000827902 -0.0212832 0.00109238
internal_weight=214.266 173.337 40.3735
internal_count=4023 3469 743
is_linear=0
shrinkage=0.03


Tree=5
num_leaves=3
num_cat=0
split_feature=5 5
split_gain=334.486 29.4693
threshold=22.500000000000004 7.5000000000000009
decision_type=2 2
left_child=1 -1
right_child=-2 -3
leaf_value=-0.026627089791723218 0.069349237480887144 0.003788985201458052
leaf_weight=138.15844286605716 42.024170342832804 33.376238394528627
leaf_count=2870 573 577
internal_value=-0.00171759 -0.0206842
internal_weight=213.559 171.535
internal_count=4020 3447
is_linear=0
shrinkage=0.03


Tree=6
num_leaves=5
num_cat=0
split_feature=6 6 4 4
split_gain=313.734 42.986 4.74215 0.116233
threshold=4339.3650000000007 558.75000000000011 5.5000000000000009 15.500000000000002
decision_type=2 2 2 2
left_child=1 3 -3 -1
right_child=-2 2 -4 -5
leaf_value=-0.012697066626657583 0.072218416689091167 0.015647526731733884 -0.0016330661406936937 -0.027959101163514934
leaf_weight=16.870385620743036 38.300164639949799 18.777752809226513 30.489847358316183 110.34078217297792
leaf_count=356 453 311 550 2380
internal_value=-0.000279095 -0.0176517 0.00551168 -0.0266053
internal_weight=214.779 176.479 49.2676 127.211
internal_count=4050 3597 861 2736
is_linear=0
shrinkage=0.03


Tree=7
num_leaves=5
num_cat=0
split_feature=5 5 4 2
split_gain=293.941 23.8272 3.53477 0.890544
threshold=27.500000000000004 7.5000000000000009 16.500000000000004 6535.0300000000016
decision_type=2 2 2 2
left_child=1 2 -1 -3
right_child=-2 3 -4 -5
leaf_value=-0.0083852535562716785 0.06459102474070319 -0.0026977919893893831 -0.02751265300264516 0.0053905112058601958
leaf_weight=17.943965505808592 42.598779082298279 18.480931978672743 113.02547314018011 18.688919551670551
leaf_count=372 517 344 2475 277
internal_value=-0.0013942 -0.019581 -0.0254071 0.00117024
internal_weight=210.738 168.139 130.969 37.1699
internal_count=3985 3468 2847 621
is_linear=0
shrinkage=0.03


Tree=8
num_leaves=4
num_cat=0
split_feature=6 6 6
split_gain=292.67 40.4923 4.4691
threshold=4339.3650000000007 558.75000000000011 1378.0900000000001
decision_type=2 2 2
left_child=1 -1 -3
right_child=-2 2 -4
leaf_value=-0.026919543209375275 0.066698493972129611 -0.0048367118715535173 0.011585670858456956
leaf_weight=118.62129660323262 42.021782718598843 21.47434700652957 28.475100290030241
leaf_count=2668 450 403 457
internal_value=0.000246929 -0.0176761 0.00445469
internal_weight=210.593 168.571 49.9494
internal_count=3978 3528 860
is_linear=0
shrinkage=0.03


Tree=9
num_leaves=5
num_cat=0
split_feature=6 5 6 3
split_gain=250.167 33.9223 29.7227 1.68961
threshold=2757.6400000000008 45.500000000000007 558.75000000000011 101.50000000000001
decision_type=2 2 2 2
left_child=2 -2 -1 -4
right_child=1 -3 3 -5
leaf_value=-0.026766184713230147 0.020656436694534465 0.07234040310805491 -0.003083829567919469 0.0080700861075911883
leaf_weight=115.56861259788275 26.770792365074158 29.806490711867809 16.729542557150126 21.117548152804375
leaf_count=2665 319 303 315 375
internal_value=0.000422273 0.0517916 -0.019464 0.00300512
internal_weight=209.993 56.5773 153.416 37.8471
internal_count=3977 622 3355 690
is_linear=0
shrinkage=0.03


Tree=10
num_leaves=4
num_cat=0
split_feature=6 6 4
split_gain=250.62 47.2474 10.4976
threshold=6069.3600000000015 558.75000000000011 8.5000000000000018
decision_type=2 2 2
left_child=1 -1 -3
right_child=-2 2 -4
leaf_value=-0.026395181319998962 0.065396400873317967 0.017237736511983008 -0.0062514378543822129
leaf_weight=113.4958571754396 37.858931958675385 29.930411357432604 28.556524980813265
leaf_count=2682 357 442 500
internal_value=0.00024411 -0.0154556 0.00594366
internal_weight=209.842 171.983 58.4869
internal_count=3981 3624 942
is_linear=0
shrinkage=0.03


Tree=11
num_leaves=4
num_cat=0
split_feature=6 6 0
split_gain=242.334 28.4155 0.963024
threshold=2801.4550000000004 558.75000000000011 2.5000000000000004
decision_type=2 2 2
left_child=1 -1 -3
right_child=-2 2 -4
leaf_value=-0.02654358872523685 0.050277782033249091 0.0071022949156236753 -0.0011758940574778986
leaf_weight=111.76376680657268 58.828957710415125 17.126154683530331 21.236130945384502
leaf_count=2705 598 296 396
internal_value=0.0010336 -0.0191653 0.00256664
internal_weight=208.955 150.126 38.3623
internal_count=3995 3397 692
is_linear=0
shrinkage=0.03


Tree=12
num_leaves=5
num_cat=0
split_feature=6 6 6 2
split_gain=235.935 28.2613 19.0473 0.782569
threshold=2691.4450000000002 9399.2950000000019 558.75000000000011 4547.380000000001
decision_type=2 2 2 2
left_child=2 -2 -1 -4
right_child=1 -3 3 -5
leaf_value=-0.025605495185097252 0.021880892438780979 0.066807479984081916 0.0029579692767043404 -0.0046076187856528405
leaf_weight=109.03991520404816 32.418530568480492 31.435377314686775 18.959401950240135 18.96118938177824
leaf_count=2704 362 269 348 337
internal_value=0.00135915 0.0474615 -0.019476 -0.000571587
internal_weight=210.814 63.8539 146.961 37.9206
internal_count=4020 631 3389 685
is_linear=0
shrinkage=0.03


Tree=13
num_leaves=6
num_cat=0
split_feature=5 5 5 4 5
split_gain=201.417 25.1777 21.7092 1.81845 1.37172
threshold=21.500000000000004 57.500000000000007 4.5000000000000009 18.500000000000004 9.5000000000000018
decision_type=2 2 2 2 2
left_child=2 -2 3 -1 -4
right_child=1 -3 4 -5 -6
leaf_value=-0.0078100009938919975 0.020583342652728119 0.063668447275997381 -0.0059569672294000429 -0.026948212059243071 0.0035868401616175865
leaf_weight=12.456530805677174 32.080204900354147 29.53299231082201 18.073938816785812 89.497612379491329 27.377547141164541
leaf_count=294 360 260 376 2262 429
internal_value=0.00113402 0.0446893 -0.0178418 -0.0252246 -0.000125222
internal_weight=209.019 61.6132 147.406 101.954 45.4515
internal_count=3981 620 3361 2556 805
is_linear=0
shrinkage=0.03


Tree=14
num_leaves=5
num_cat=0
split_feature=6 6 6 0
split_gain=197.21 52.6631 3.78491 3.64784
threshold=935.04000000000008 10705.550000000001 558.75000000000011 1.5000000000000002
decision_type=2 2 2 2
left_child=2 3 -1 -2
right_child=1 -3 -4 -5
leaf_value=-0.025587126116967129 0.022723041187655276 0.06362444371474095 -0.0042095898215931968 0.0062880286709117699
leaf_weight=104.56694184243679 27.730443950742483 29.991864807903767 12.205288738012312 33.302310824394226
leaf_count=2711 350 236 237 470
internal_value=0.00157422 0.0337509 -0.0237405 0.0151377
internal_weight=207.797 91.0246 116.772 61.0328
internal_count=4004 1056 2948 820
is_linear=0
shrinkage=0.03


Tree=15
num_leaves=5
num_cat=0
split_feature=6 6 6 0
split_gain=160.393 35.4676 4.81126 3.79714
threshold=935.04000000000008 9399.2950000000019 558.75000000000011 1.5000000000000002
decision_type=2 2 2 2
left_child=2 3 -1 -2
right_child=1 -3 -4 -5
leaf_value=-0.025382725391616713 0.019777274914022962 0.050537678237405778 -0.0028685418731610587 0.0036871441511060889
leaf_weight=101.30343102291226 26.171163905411959 35.206694610416889 12.44560384005308 32.800794400274754
leaf_count=2689 332 267 242 467
internal_value=0.000185492 0.0284115 -0.0232702 0.0120499
internal_weight=207.928 94.1787 113.749 58.972
internal_count=3997 1066 2931 799
is_linear=0
shrinkage=0.03


Tree=16
num_leaves=5
num_cat=0
split_feature=5 6 6 2
split_gain=177.024 24.3794 20.8508 0.881434
threshold=19.500000000000004 9399.2950000000019 558.75000000000011 6284.9400000000014
decision_type=2 2 2 2
left_child=2 -2 -1 -4
right_child=1 -3 3 -5
leaf_value=-0.025078604606838844 0.017464333648488862 0.056408700550406539 0.0044138724265476359 -0.0035705187901141984
leaf_weight=96.550776936113834 35.667222019284964 34.129820458590984 20.4717289917171 18.607261534780264
leaf_count=2626 418 247 376 269
internal_value=0.00189555 0.0392059 -0.0179095 0.000298074
internal_weight=205.427 69.797 135.63 39.079
internal_count=3936 665 3271 645
is_linear=0
shrinkage=0.03


Tree=17
num_leaves=5
num_cat=0
split_feature=2 5 5 5
split_gain=149.575 25.5587 13.2215 2.06651
threshold=9207.8250000000025 52.500000000000007 13.500000000000002 2.5000000000000004
decision_type=2 2 2 2
left_child=2 -2 3 -1
right_child=1 -3 -4 -5
leaf_value=-0.025871601582880644 0.013568001088738398 0.051946871299624248 0.0013583755138929217 -0.012394933908833556
leaf_weight=78.292969409376383 37.341784182935953 32.650309555232525 23.280301243066788 35.340540926903486
leaf_count=2184 415 236 352 795
internal_value=-0.00026529 0.033941 -0.0184374 -0.0225058
internal_weight=206.906 69.9921 136.914 113.634
internal_count=3982 651 3331 2979
is_linear=0
shrinkage=0.03


Tree=18
num_leaves=5
num_cat=0
split_feature=5 5 2 2
split_gain=145.126 30.6847 3.53693 0.792193
threshold=7.5000000000000009 49.500000000000007 9497.6200000000008 4467.4850000000006
decision_type=2 2 2 2
left_child=3 2 -2 -1
right_child=1 -3 -4 -5
leaf_value=-0.025440361105586569 0.0016796296532322352 0.044299578227995857 0.016461845142558218 -0.0080909272660884494
leaf_weight=92.93380955979228 30.37729013338685 39.646980922669172 31.7646892555058 11.24907425418496
leaf_count=2603 525 304 321 248
internal_value=9.26011e-05 0.0250258 0.0101224 -0.0241608
internal_weight=205.972 101.789 62.142 104.183
internal_count=4001 1150 846 2851
is_linear=0
shrinkage=0.03


Tree=19
num_leaves=4
num_cat=0
split_feature=6 4 4
split_gain=144.911 30.5235 4.43324
threshold=935.04000000000008 4.5000000000000009 15.500000000000002
decision_type=2 2 2
left_child=2 -2 -1
right_child=1 -3 -4
leaf_value=-0.0067650108383430193 0.038724948549573042 0.0047541965510087183 -0.026325478260303604
leaf_weight=19.016040027141571 59.221820950508118 42.067530501633883 86.597940888255835
leaf_count=459 535 538 2487
internal_value=0.000575388 0.0256447 -0.0234042
internal_weight=206.903 101.289 105.614
internal_count=4019 1073 2946
is_linear=0
shrinkage=0.03


Tree=20
num_leaves=6
num_cat=0
split_feature=6 6 6 1 4
split_gain=138.814 17.9049 16.3542 0.482977 0.374645
threshold=2691.4450000000002 10705.550000000001 558.75000000000011 40.500000000000007 15.500000000000002
decision_type=2 2 2 2 2
left_child=2 -2 4 -4 -1
right_child=1 -3 3 -5 -6
leaf_value=-0.0098188615269748317 0.014141147003842149 0.045545736110049251 0.0022306617602621918 -0.0037101838477026942 -0.026176884117183486
leaf_weight=12.818113956600426 40.342382024973631 37.386363185942173 16.865069232881069 20.199405565857887 78.863005194813013
leaf_count=347 394 245 322 337 2373
internal_value=0.000670364 0.0312674 -0.0181684 -0.000706555 -0.0246711
internal_weight=206.474 77.7287 128.746 37.0645 91.6811
internal_count=4018 639 3379 659 2720
is_linear=0
shrinkage=0.03


Tree=21
num_leaves=5
num_cat=0
split_feature=5 5 4 4
split_gain=104.472 29.469 2.98031 0.500318
threshold=7.5000000000000009 61.500000000000007 4.5000000000000009 16.500000000000004
decision_type=2 2 2 2
left_child=3 2 -2 -1
right_child=1 -3 -4 -5
leaf_value=-0.010117917268658507 0.012164007101202842 0.03973510330195016 0 -0.02500955934930367
leaf_weight=15.77617249265313 32.672467261552811 34.399509366601706 36.045263357460499 81.869264516979456
leaf_count=393 365 239 511 2437
internal_value=-0.00165489 0.0188893 0.00626328 -0.0233598
internal_weight=200.763 103.117 68.7177 97.6454
internal_count=3945 1115 876 2830
is_linear=0
shrinkage=0.03


Tree=22
num_leaves=5
num_cat=0
split_feature=6 6 1 3
split_gain=133.948 12.0097 11.3626 1.76517
threshold=2415.8150000000001 558.75000000000011 95.500000000000014 107.50000000000001
decision_type=2 2 2 2
left_child=1 -1 -2 -3
right_child=2 3 -4 -5
leaf_value=-0.025013882652286296 0.015358452334657763 0.0029244729693369649 0.040891267167905483 -0.0088662984770567169
leaf_weight=87.925966750830412 44.838506881147623 16.415846724063158 37.6352857388556 18.065732140094042
leaf_count=2720 427 311 259 306
internal_value=0.000202669 -0.0193577 0.0288527 -0.00321359
internal_weight=204.881 122.408 82.4738 34.4816
internal_count=4023 3337 686 617
is_linear=0
shrinkage=0.03


Tree=23
num_leaves=4
num_cat=0
split_feature=5 5 4
split_gain=116.164 14.5128 3.01574
threshold=21.500000000000004 7.5000000000000009 16.500000000000004
decision_type=2 2 2
left_child=1 2 -1
right_child=-2 -3 -4
leaf_value=-0.0060035357867529891 0.029506224796592404 0 -0.025052503604777992
leaf_weight=14.770214337855576 72.407683294266462 33.939442411065102 78.22271878644824
leaf_count=375 585 539 2439
internal_value=0.000266873 -0.0167849 -0.0226407
internal_weight=199.34 126.932 92.9929
internal_count=3938 3353 2814
is_linear=0
shrinkage=0.03


Tree=24
num_leaves=5
num_cat=0
split_feature=6 6 6 2
split_gain=93.3198 12.4979 8.4256 0.509533
threshold=2691.4450000000002 558.75000000000011 10705.550000000001 4952.0800000000008
decision_type=2 2 2 2
left_child=1 -1 -2 -3
right_child=2 3 -4 -5
leaf_value=-0.023955281688495728 0.010960356173022115 0.00031754428308054821 0.032726420679133596 -0.0056040674818242245
leaf_weight=83.05577583797276 41.85496062412858 19.951023537665606 38.628363870084286 17.516671780496836
leaf_count=2684 389 363 236 303
internal_value=-0.00124421 -0.017747 0.0228857 -0.00243154
internal_weight=201.007 120.523 80.4833 37.4677
internal_count=3975 3350 625 666
is_linear=0
shrinkage=0.03


Tree=25
num_leaves=6
num_cat=0
split_feature=4 5 5 6 0
split_gain=86.9483 20.8004 14.2143 4.57858 4.25831
threshold=7.5000000000000009 62.500000000000007 4.5000000000000009 2691.4450000000002 7.5000000000000009
decision_type=2 2 2 2 2
left_child=1 3 -2 -1 -4
right_child=2 -3 4 -5 -6
leaf_value=-0.002056683014921578 -0.025036902925012757 0.037363889576009342 -0.011075394243546142 0.014487191095458592 0.0061634065652913768
leaf_weight=23.000047396868467 73.904849920421839 35.927817478775978 20.741909239441156 28.237010575830936 20.258187748491764
leaf_count=463 2435 227 316 231 326
internal_value=-0.000660706 0.0211919 -0.0175552 0.00727143 -0.0024875
internal_weight=202.07 87.1649 114.905 51.2371 41.0001
internal_count=3998 921 3077 694 642
is_linear=0
shrinkage=0.03


Tree=26
num_leaves=5
num_cat=0
split_feature=6 6 0 6
split_gain=107.891 23.9828 4.76275 3.08966
threshold=935.04000000000008 14061.845000000001 1.5000000000000002 558.75000000000011
decision_type=2 2 2 2
left_child=3 2 -2 -1
right_child=1 -3 -4 -5
leaf_value=-0.023708858817114965 0.01779085052978659 0.041821753784682496 0.0025076805277804873 -0.0037996647884153321
leaf_weight=80.545272750779986 38.448008187115192 31.524657927453518 39.651570346206427 11.982878170907496
leaf_count=2715 387 184 487 245
internal_value=0.00154362 0.0213085 0.0108298 -0.0216113
internal_weight=202.152 109.624 78.0996 92.5282
internal_count=4018 1058 874 2960
is_linear=0
shrinkage=0.03


Tree=27
num_leaves=6
num_cat=0
split_feature=6 4 2 6 4
split_gain=99.4218 23.467 5.38143 4.32379 0.698405
threshold=935.04000000000008 1.5000000000000002 16409.855000000003 558.75000000000011 10.500000000000002
decision_type=2 2 2 2 2
left_child=3 -2 -3 4 -1
right_child=1 2 -4 -5 -6
leaf_value=-0.0070324634568702952 0.036443391201199077 -5.3055177715147908e-05 0.015842135139478408 -0.0017639291837897645 -0.024910575985713994
leaf_weight=9.562845438718794 43.86339221522212 35.071854017674923 32.798627588897943 11.830974467098711 68.301771240308881
leaf_count=282 335 490 236 242 2403
internal_value=0.00181341 0.0203663 0.00798245 -0.0209945 -0.0234527
internal_weight=201.429 111.734 67.8705 89.6956 77.8646
internal_count=3988 1061 726 2927 2685
is_linear=0
shrinkage=0.03


Tree=28
num_leaves=5
num_cat=0
split_feature=5 5 4 1
split_gain=85.0301 19.3755 7.05629 3.26095
threshold=7.5000000000000009 61.500000000000007 16.500000000000004 68.500000000000014
decision_type=2 2 2 2
left_child=2 3 -1 -2
right_child=1 -3 -4 -5
leaf_value=-0.00042483370637455949 0.011975483695157588 0.033067045834479177 -0.024771913920370547 -2.2412181738387704e-05
leaf_weight=14.15385504812002 44.440465271472931 40.535902339965105 70.817813893780112 30.476445361971855
leaf_count=382 598 247 2448 304
internal_value=0.000879771 0.0174094 -0.0211321 0.00721097
internal_weight=200.424 115.453 84.9717 74.9169
internal_count=3979 1149 2830 902
is_linear=0
shrinkage=0.03


Tree=29
num_leaves=5
num_cat=0
split_feature=6 6 4 4
split_gain=80.1366 20.3166 3.66203 0.27901
threshold=4876.5800000000008 558.75000000000011 6.5000000000000009 15.500000000000002
decision_type=2 2 2 2
left_child=1 3 -3 -1
right_child=-2 2 -4 -5
leaf_value=-0.0090960194484442838 0.025890951590617332 0.0070401533918884708 -0.0068031105229764193 -0.024895199273539028
leaf_weight=12.299347251653669 64.686933279037476 28.513623014092445 30.321554102003574 63.630001436918974
leaf_count=367 404 356 527 2355
internal_value=-0.00032285 -0.0134889 0 -0.0232414
internal_weight=199.451 134.765 58.8352 75.9293
internal_count=4009 3605 883 2722
is_linear=0
shrinkage=0.03


Tree=30
num_leaves=5
num_cat=0
split_feature=5 0 6 6
split_gain=79.3754 16.3587 7.36931 0.665145
threshold=16.500000000000004 1.5000000000000002 1331.6500000000003 558.75000000000011
decision_type=2 2 2 2
left_child=2 -2 3 -1
right_child=1 -3 -4 -5
leaf_value=-0.022916825699283286 0.028694578173928533 0.0029155932957799259 0 -0.0086069065565514396
leaf_weight=72.880005227401853 56.475787404924631 38.756029725074768 18.425312910228968 15.508844573050736
leaf_count=2683 419 362 258 314
internal_value=-0.000299466 0.0190219 -0.0177401 -0.0211618
internal_weight=202.046 95.2318 106.814 88.3888
internal_count=4036 781 3255 2997
is_linear=0
shrinkage=0.03


Tree=31
num_leaves=5
num_cat=0
split_feature=6 6 1 3
split_gain=82.3409 13.6047 1.95176 4.91791
threshold=558.75000000000011 12647.485000000002 85.500000000000014 96.500000000000014
decision_type=2 2 2 2
left_child=-1 2 3 -2
right_child=1 -3 -4 -5
leaf_value=-0.023991846636716493 -0.00034673391063131943 0.029901172145829012 0.00031823001272851764 0.016195087169027979
leaf_weight=72.095827531069517 22.022699635475874 35.495554506778717 26.698689259588718 40.737474679946899
leaf_count=2699 369 194 224 511
internal_value=0.00050796 0.0151384 0.00784934 0.0105719
internal_weight=197.05 124.954 89.4589 62.7602
internal_count=3997 1298 1104 880
is_linear=0
shrinkage=0.03


Tree=32
num_leaves=4
num_cat=0
split_feature=6 4 4
split_gain=84.5982 13.0403 3.84668
threshold=935.04000000000008 4.5000000000000009 15.500000000000002
decision_type=2 2 2
left_child=2 -2 -1
right_child=1 -3 -4
leaf_value=-0.0051864268492938688 0.025059073965469178 0.0034295932160830177 -0.024644377589421167
leaf_weight=16.493245277553797 70.580918706953526 42.853540301322937 65.659315044060349
leaf_count=445 531 512 2498
internal_value=0.000948606 0.0175042 -0.0214317
internal_weight=195.587 113.434 82.1526
internal_count=3986 1043 2943
is_linear=0
shrinkage=0.03


Tree=33
num_leaves=6
num_cat=0
split_feature=6 4 6 6 1
split_gain=69.3727 6.98697 6.48128 1.51021 1.4555
threshold=1378.0900000000001 28.500000000000004 9399.2950000000019 558.75000000000011 66.500000000000014
decision_type=2 2 2 2 2
left_child=1 3 4 -1 -2
right_child=2 -3 -4 -5 -6
leaf_value=-0.010798394578579474 0.012039754042996556 -0.024650228646599562 0.024061322783336225 0.00072675784600329278 0.001776378803407508
leaf_weight=15.319578440859916 30.02986216172576 60.990401865914464 46.114317074418068 15.002616897225378 28.581503309309483
leaf_count=515 375 2365 251 264 261
internal_value=-0.000374445 -0.0190168 0.0158694 -0.00537571 0.00780371
internal_weight=196.038 91.3126 104.726 30.3222 58.6114
internal_count=4031 3144 887 779 636
is_linear=0
shrinkage=0.03


Tree=34
num_leaves=6
num_cat=0
split_feature=5 6 4 1 6
split_gain=69.4615 22.7291 5.95766 1.58846 3.56319
threshold=7.5000000000000009 14061.845000000001 15.500000000000002 68.500000000000014 2458.8500000000004
decision_type=2 2 2 2 2
left_child=2 3 -1 4 -2
right_child=1 -3 -4 -5 -6
leaf_value=-0.00056846877743823589 0 0.034269412112923663 -0.023988529308904459 0.00097796528262175772 0.016804244858886545
leaf_weight=13.247246883809565 22.059946436434984 34.30459463596344 63.199399413540959 40.749387498944998 22.468593180179596
leaf_count=367 398 179 2481 364 209
internal_value=0.00109444 0.015222 -0.0203983 0.00592 0.00958446
internal_weight=196.029 119.583 76.4466 85.2779 44.5285
internal_count=3998 1150 2848 971 607
is_linear=0
shrinkage=0.03


Tree=35
num_leaves=7
num_cat=0
split_feature=5 5 4 0 2 4
split_gain=61.8115 11.4621 8.31457 5.00091 0.0967937 0.0184301
threshold=21.500000000000004 3.5000000000000004 1.5000000000000002 6.5000000000000009 6284.9400000000014 25.500000000000004
decision_type=2 2 2 2 2 2
left_child=1 5 -2 4 -3 -1
right_child=2 3 -4 -5 -6 -7
leaf_value=-0.0073227301300821321 0.028299184760866517 -0.0038268526297036125 0.008362278375004752 0.0084966795875772265 -0.011658113375058746 -0.023922534221377564
leaf_weight=8.5048232804983837 41.187029324471951 17.37639993429184 46.834193963557482 17.100468190386891 18.236400354653597 50.363385420292616
leaf_count=286 260 397 371 368 228 2116
internal_value=0.000578875 -0.0139136 0.0188721 -0.00292382 -0.00914795 -0.0225202
internal_weight=199.603 111.581 88.0212 52.7133 35.6128 58.8682
internal_count=4026 3395 631 993 625 2402
is_linear=0
shrinkage=0.03


Tree=36
num_leaves=5
num_cat=0
split_feature=4 5 5 0
split_gain=62.4315 16.0342 12.2069 3.06314
threshold=4.5000000000000009 57.500000000000007 4.5000000000000009 6.5000000000000009
decision_type=2 2 2 2
left_child=1 -1 -2 -4
right_child=2 -3 3 -5
leaf_value=0.0043486560850632726 -0.023994926469651203 0.030826791021400037 -0.0093091758460290015 0.0040029650575845481
leaf_weight=44.284165335819125 59.606249321252108 40.021549839526415 31.140213426202536 21.581652635708451
leaf_count=551 2475 221 422 349
internal_value=-0.000734314 0.0181085 -0.0151733 -0.00372528
internal_weight=196.634 84.3057 112.328 52.7219
internal_count=4018 772 3246 771
is_linear=0
shrinkage=0.03


Tree=37
num_leaves=5
num_cat=0
split_feature=4 2 4 0
split_gain=60.4834 13.6128 10.1186 3.99915
threshold=8.5000000000000018 9207.8250000000025 63.500000000000007 8.5000000000000018
decision_type=2 2 2 2
left_child=1 -1 3 -2
right_child=2 -3 -4 -5
leaf_value=0.00071259975156830061 -0.011701317867525202 0.025315987838603282 -0.024245396107262139 0.0040825097873837674
leaf_weight=30.909469986334443 24.443082083016634 63.780716774985194 47.947244353592396 22.767717314884067
leaf_count=543 474 405 2035 533
internal_value=0.00129307 0.0178738 -0.015125 -0.00414016
internal_weight=189.848 94.6902 95.158 47.2108
internal_count=3990 948 3042 1007
is_linear=0
shrinkage=0.03


Tree=38
num_leaves=5
num_cat=0
split_feature=6 6 6 1
split_gain=62.6729 11.95 3.44435 2.73968
threshold=935.04000000000008 14061.845000000001 558.75000000000011 69.500000000000014
decision_type=2 2 2 2
left_child=2 3 -1 -2
right_child=1 -3 -4 -5
leaf_value=-0.023889591793196118 0.010564655007362381 0.026812864624279807 -0.0029581889256318811 0
leaf_weight=63.287725429981947 44.502325691282749 34.126640371978283 11.496101114898918 39.422428425401449
leaf_count=2708 552 172 244 326
internal_value=-0.000477581 0.0128863 -0.021247 0.00586546
internal_weight=192.835 118.051 74.7838 83.9248
internal_count=4002 1050 2952 878
is_linear=0
shrinkage=0.03


Tree=39
num_leaves=4
num_cat=0
split_feature=6 3 3
split_gain=65.4108 11.9915 1.53743
threshold=935.04000000000008 211.50000000000003 131.50000000000003
decision_type=2 2 2
left_child=2 -2 -1
right_child=1 -3 -4
leaf_value=-0.022806157355642162 0.001906081740173371 0.021220829549016218 -0.0030836969449002257
leaf_weight=64.779358621686697 51.167450673878193 71.538300700485706 7.4545559138059607
leaf_count=2702 592 482 220
internal_value=0.000432435 0.0136741 -0.0212964
internal_weight=194.94 122.706 72.2339
internal_count=3996 1074 2922
is_linear=0
shrinkage=0.03


Tree=40
num_leaves=5
num_cat=0
split_feature=5 5 2 2
split_gain=42.8286 10.3284 7.96549 0.695706
threshold=16.500000000000004 64.500000000000014 4609.2500000000009 1549.1250000000002
decision_type=2 2 2 2
left_child=2 -2 3 -1
right_child=1 -3 -4 -5
leaf_value=-0.022786065445506088 0.0031764682734732549 0.022870735426352474 0 -0.009881767860258843
leaf_weight=46.524956040084362 54.665774531662464 44.034032322466373 23.703810868784785 22.66542143188417
leaf_count=2106 512 237 435 710
internal_value=-0.000585633 0.0127866 -0.0148743 -0.0197119
internal_weight=191.594 98.6998 92.8942 69.1904
internal_count=4000 749 3251 2816
is_linear=0
shrinkage=0.03


Tree=41
num_leaves=6
num_cat=0
split_feature=4 6 5 6 0
split_gain=51.7776 16.3743 9.08511 2.70675 1.12354
threshold=8.5000000000000018 14061.845000000001 4.5000000000000009 2691.4450000000002 6.5000000000000009
decision_type=2 2 2 2 2
left_child=1 3 -2 -1 -4
right_child=2 -3 4 -5 -6
leaf_value=-0.0009420161266101713 -0.022142951145886845 0.031182103429206468 -0.0069470933267836345 0.010321635096582465 0.0020725901694419384
leaf_weight=26.6215615645051 53.084207333624363 34.508828714489937 18.768330477178097 43.87295451015234 18.825283130630851
leaf_count=524 2448 166 296 307 317
internal_value=0.00144375 0.0155143 -0.0146523 0.00608866 -0.00236516
internal_weight=195.681 105.003 90.6778 70.4945 37.5936
internal_count=4058 997 3061 831 613
is_linear=0
shrinkage=0.03


Tree=42
num_leaves=6
num_cat=0
split_feature=6 5 1 6 4
split_gain=49.6398 18.5492 2.00855 3.83431 1.13485
threshold=558.75000000000011 64.500000000000014 69.500000000000014 2458.8500000000004 10.500000000000002
decision_type=2 2 2 2 2
left_child=4 2 3 -2 -1
right_child=1 -3 -4 -5 -6
leaf_value=-0.0051985672211252746 -0.0025686099965363195 0.025035787175813097 -0.0036589030481893469 0.01167840174009455 -0.024248537670629126
leaf_weight=8.5758506525307876 27.516514968127012 42.556230843067169 33.435001455247402 30.05022019520402 49.371476674452424
leaf_count=288 517 224 299 262 2387
internal_value=-0.000143598 0.00982106 0.00161641 0.00496763 -0.0223044
internal_weight=191.505 133.558 91.0017 57.5667 57.9473
internal_count=3977 1302 1078 779 2675
is_linear=0
shrinkage=0.03


Tree=43
num_leaves=5
num_cat=0
split_feature=2 6 5 4
split_gain=43.1833 9.07052 8.85965 0.878334
threshold=9207.8250000000025 558.75000000000011 57.500000000000007 6.5000000000000009
decision_type=2 2 2 2
left_child=1 -1 -2 -3
right_child=2 3 -4 -5
leaf_value=-0.021564531313454576 0.0036636977353616393 0.00076634093615383133 0.022657873446701532 -0.006645155520658582
leaf_weight=56.263650769367814 48.037697253748775 22.273858409374952 44.611272715032101 22.016852833330631
leaf_count=2671 434 280 218 418
internal_value=-0.000662713 -0.0140189 0.013655 -0.00291394
internal_weight=193.203 100.554 92.649 44.2907
internal_count=4021 3369 652 698
is_linear=0
shrinkage=0.03


Tree=44
num_leaves=5
num_cat=0
split_feature=6 6 1 4
split_gain=47.1308 11.7074 4.80949 1.61522
threshold=935.04000000000008 10319.770000000002 69.500000000000014 3.5000000000000004
decision_type=2 2 2 2
left_child=3 2 -2 -1
right_child=1 -3 -4 -5
leaf_value=-0.0014323095168044964 0.0094740605438417436 0.021797237096780223 -0.0048957173271811484 -0.020770463351457952
leaf_weight=6.7610252313315859 40.315139468759298 49.079964779317379 33.259609263390303 59.988004187121987
leaf_count=188 512 241 291 2759
internal_value=0.000124111 0.0111301 0.0028891 -0.0192571
internal_weight=189.404 122.655 73.5747 66.749
internal_count=3991 1044 803 2947
is_linear=0
shrinkage=0.03


Tree=45
num_leaves=5
num_cat=0
split_feature=2 5 6 1
split_gain=38.5856 8.85735 3.56983 0.193308
threshold=4176.1250000000009 21.500000000000004 558.75000000000011 45.500000000000007
decision_type=2 2 2 2
left_child=2 3 -1 -2
right_child=1 -3 -4 -5
leaf_value=-0.020883841245818179 0 0.014969879643839262 -0.0031829037147312802 -0.0039031723966566284
leaf_weight=52.158092278987169 17.969035541638732 86.848769873380661 17.56052478775382 17.663023754954338
leaf_count=2585 310 541 314 294
internal_value=0 0.0100136 -0.0171375 -0.00205319
internal_weight=192.199 122.481 69.7186 35.6321
internal_count=4044 1145 2899 604
is_linear=0
shrinkage=0.03


Tree=46
num_leaves=6
num_cat=0
split_feature=2 5 4 1 5
split_gain=40.9762 7.66528 7.48067 4.90443 1.68267
threshold=5394.5700000000006 63.500000000000007 15.500000000000002 69.500000000000014 5.5000000000000009
decision_type=2 2 2 2 2
left_child=2 3 -1 -2 -4
right_child=1 -3 4 -5 -6
leaf_value=-0.0016463123814488474 0.011036269757146331 0.02039017464297746 -0.024798015224235397 -0.0039847442672349435 -0.0037749559437646389
leaf_weight=24.455541580915451 36.104967793449759 43.631406955420971 44.397370306774974 31.685742838308215 7.7198681663721791
leaf_count=558 422 213 2301 292 198
internal_value=-0.000193796 0.0111582 -0.0165676 0.00401785 -0.0225496
internal_weight=187.995 111.422 76.5728 67.7907 52.1172
internal_count=3984 927 3057 714 2499
is_linear=0
shrinkage=0.03


Tree=47
num_leaves=5
num_cat=0
split_feature=6 4 5 4
split_gain=44.3444 12.4291 1.21635 0.223951
threshold=558.75000000000011 4.5000000000000009 18.500000000000004 15.500000000000002
decision_type=2 2 2 2
left_child=3 -2 -3 -1
right_child=1 2 -4 -5
leaf_value=-0.0065901082083413979 0.017566708869403098 0.0032840407656646274 -0.0051353895105480723 -0.02217282178478314
leaf_weight=9.3784217070788127 83.224990271031857 25.222918577492237 25.324624218046665 43.537902759388089
leaf_count=339 588 456 230 2368
internal_value=0.00152523 0.0107611 -0.000746666 -0.0204774
internal_weight=186.689 133.773 50.5475 52.9163
internal_count=3981 1274 686 2707
is_linear=0
shrinkage=0.03


Tree=48
num_leaves=5
num_cat=0
split_feature=6 5 4 8
split_gain=31.8984 7.30083 4.80338 1.13961
threshold=935.04000000000008 49.500000000000007 15.500000000000002 3.5000000000000004
decision_type=2 2 2 2
left_child=2 3 -1 -2
right_child=1 -3 -4 -5
leaf_value=-0.00073296911419207819 0.0052056236516045372 0.016013143993222709 -0.02112973631793439 -0.0019293715253043448
leaf_weight=15.360350301489232 32.803689185529947 57.591057263314724 47.396433491259813 35.235254053026438
leaf_count=458 414 301 2487 323
internal_value=-3.12169e-06 0.00858488 -0.0167813 0.00142613
internal_weight=188.387 125.63 62.7568 68.0389
internal_count=3983 1038 2945 737
is_linear=0
shrinkage=0.03


Tree=49
num_leaves=7
num_cat=0
split_feature=4 2 4 3 8 2
split_gain=39.066 9.81778 2.5642 1.49028 1.35314 3.10432
threshold=25.500000000000004 15499.700000000003 1.5000000000000002 148.50000000000003 4.5000000000000009 4609.2500000000009
decision_type=2 2 2 2 2 2
left_child=1 2 -1 -2 5 -4
right_child=3 -3 4 -5 -6 -7
leaf_value=0.0080456418267011061 -0.021880311104342541 0.016685714075581254 -0.0073914500573276573 -0.0019034754610089838 -0.0091127567551687258 0.0099019185660873463
leaf_weight=21.714999746531248 47.236155742779374 67.904630184173584 14.747236356139185 6.4726148713380089 16.720975877717137 12.543045971542595
leaf_count=267 2345 381 467 136 188 198
internal_value=0.000345405 0.00909766 0.000420642 -0.0200955 -0.00347244 0.000394828
internal_weight=187.34 133.631 65.7263 53.7088 44.0113 27.2903
internal_count=3982 1501 1120 2481 853 665
is_linear=0
shrinkage=0.03


Tree=50
num_leaves=5
num_cat=0
split_feature=6 5 4 4
split_gain=38.7707 12.6849 3.30682 1.64384
threshold=935.04000000000008 64.500000000000014 15.500000000000002 4.5000000000000009
decision_type=2 2 2 2
left_child=2 3 -1 -2
right_child=1 -3 -4 -5
leaf_value=-0.0032247924254288685 0.0063721791569605031 0.021941287656508306 -0.021898214461137013 -0.0016552859393167377
leaf_weight=15.031482324004172 39.857721824198961 46.149111650884151 45.24277213588357 39.311838138848543
leaf_count=451 327 225 2463 477
internal_value=0.000734265 0.0102424 -0.0180749 0.00234637
internal_weight=185.593 125.319 60.2743 79.1696
internal_count=3943 1029 2914 804
is_linear=0
shrinkage=0.03


Tree=51
num_leaves=5
num_cat=0
split_feature=6 6 1 6
split_gain=37.1509 7.64344 3.84519 3.43679
threshold=558.75000000000011 16403.200000000004 74.500000000000014 2691.4450000000002
decision_type=2 2 2 2
left_child=-1 2 3 -2
right_child=1 -3 -4 -5
leaf_value=-0.020873802834814475 0.00030799151993712512 0.019751332773543698 -0.002744316110559638 0.014418086784060421
leaf_weight=49.317695436999202 31.021879939362407 33.817915320396423 43.69433232396841 32.031043943017721
leaf_count=2706 570 156 329 262
internal_value=0.000227148 0.00819622 0.00368133 0.00822905
internal_weight=189.883 140.565 106.747 63.0529
internal_count=4023 1317 1161 832
is_linear=0
shrinkage=0.03


Tree=52
num_leaves=6
num_cat=0
split_feature=6 0 3 6 6
split_gain=26.5319 8.78786 2.5627 0.835262 1.67925
threshold=558.75000000000011 1.5000000000000002 205.50000000000003 84.950000000000017 271.12500000000006
decision_type=2 2 2 2 2
left_child=3 -2 -3 -1 -5
right_child=1 2 -4 4 -6
leaf_value=-0.021157080941390537 0.013514635022292085 -0.0064047932103383325 0.0048573042807620072 0.00094657685478805303 -0.014423827540970317
leaf_weight=32.105231365188956 76.110632684081793 34.581501303240657 27.85358477383852 8.8707947526127118 7.1642471440136424
leaf_count=1924 572 507 213 452 313
internal_value=0.000208077 0.00698209 -0.00117048 -0.0178276 -0.0070038
internal_weight=186.686 138.546 62.4351 48.1403 16.035
internal_count=3981 1292 720 2689 765
is_linear=0
shrinkage=0.03


Tree=53
num_leaves=6
num_cat=0
split_feature=6 6 3 0 4
split_gain=25.496 6.05149 2.02942 1.04422 0.844281
threshold=558.75000000000011 17995.155000000002 166.50000000000003 2.5000000000000004 15.500000000000002
decision_type=2 2 2 2 2
left_child=4 2 3 -2 -1
right_child=1 -3 -4 -5 -6
leaf_value=-0.0043236257810486825 -0.0063745463760811758 0.016373232943672596 0.0055597930866877242 0.0017198269776892482 -0.020400988975782672
leaf_weight=9.2949751522392017 22.878997022286057 33.657909780740738 62.228286273777485 21.88829967007041 38.279550883919001
leaf_count=351 271 153 510 369 2342
internal_value=-0.00028202 0.00611216 0.0021635 -0.00234035 -0.0182551
internal_weight=188.228 140.653 106.996 44.7673 47.5745
internal_count=3996 1303 1150 640 2693
is_linear=0
shrinkage=0.03


Tree=54
num_leaves=7
num_cat=0
split_feature=6 6 4 5 4 4
split_gain=28.8524 5.66956 2.58035 5.99148 1.96701 1.62239
threshold=558.75000000000011 17995.155000000002 1.5000000000000002 30.500000000000004 15.500000000000002 13.500000000000002
decision_type=2 2 2 2 2 2
left_child=4 2 -2 5 -1 -4
right_child=1 -3 3 -5 -6 -7
leaf_value=-0.0022732011001470663 0.0097495250804881112 0.01800053989868788 0.011281247306501607 -0.01004391901891306 -0.021013793611619303 0
leaf_weight=9.3199579287320358 38.078794326633215 32.609805300831795 24.421391494572163 25.848721340298653 37.954670841805637 21.843778582289815
leaf_count=353 284 148 311 188 2369 393
internal_value=0.000918401 0.00774244 0.00392694 0.000225085 -0.0181769 0.00667508
internal_weight=190.077 142.802 110.193 72.1139 47.2746 46.2652
internal_count=4046 1324 1176 892 2722 704
is_linear=0
shrinkage=0.03


Tree=55
num_leaves=5
num_cat=0
split_feature=5 4 6 1
split_gain=29.103 5.14722 3.08871 4.94974
threshold=7.5000000000000009 15.500000000000002 16403.200000000004 59.500000000000007
decision_type=2 2 2 2
left_child=1 -1 3 -2
right_child=2 -3 -4 -5
leaf_value=0 0.012524267674126449 -0.020981486397064684 0.015900148854138284 -0.00067084219619705215
leaf_weight=12.124903036281465 38.794592069461942 43.424357843585312 34.201267421245575 55.654429165646434
leaf_count=380 514 2516 154 463
internal_value=0.000586641 -0.0166 0.00846322 0.00495536
internal_weight=184.2 55.5493 128.65 94.449
internal_count=4027 2896 1131 977
is_linear=0
shrinkage=0.03


Tree=56
num_leaves=7
num_cat=0
split_feature=6 6 3 3 4 1
split_gain=23.9177 9.06431 1.7215 3.59405 1.10491 0.706296
threshold=558.75000000000011 16889.420000000002 334.50000000000006 172.50000000000003 6.5000000000000009 37.500000000000007
decision_type=2 2 2 2 2 2
left_child=4 2 3 5 -1 -2
right_child=1 -3 -4 -5 -6 -7
leaf_value=-0.0010309374181598629 0.0023009758728055308 0.019107616628887807 -0.0037864024610351293 0.011651066096190892 -0.019335228140004945 -0.0041317991283520905
leaf_weight=5.6992315221577874 24.571491699665785 32.508371025323868 29.77461414784193 28.743016310036182 39.536959432996809 24.792452456429601
leaf_count=208 394 145 192 283 2485 294
internal_value=0.000109908 0.00634923 0.00169574 0.00406812 -0.0176598 -0.000736759
internal_weight=185.626 140.39 107.882 78.107 45.2362 49.3639
internal_count=4001 1308 1163 971 2693 688
is_linear=0
shrinkage=0.03


Tree=57
num_leaves=5
num_cat=0
split_feature=4 2 5 5
split_gain=25.9786 8.60018 2.33718 1.13326
threshold=4.5000000000000009 5540.7850000000008 57.500000000000007 4.5000000000000009
decision_type=2 2 2 2
left_child=2 3 -1 -2
right_child=1 -3 -4 -5
leaf_value=0.0058366865596832683 -0.020234615826530942 0.00051093482163594005 0.016802600164043519 -0.005949938065388214
leaf_weight=47.547383990138769 37.511716349050403 40.003069983795285 46.4806724563241 15.731215573847292
leaf_count=535 2362 471 223 389
internal_value=0.00109816 -0.00977713 0.0119836 -0.0171447
internal_weight=187.274 93.246 94.0281 53.2429
internal_count=3980 3222 758 2751
is_linear=0
shrinkage=0.03


Tree=58
num_leaves=4
num_cat=0
split_feature=6 6 5
split_gain=24.07 5.09574 1.11425
threshold=3169.1550000000002 558.75000000000011 12.500000000000002
decision_type=2 2 2
left_child=1 -1 -3
right_child=-2 2 -4
leaf_value=-0.018621292539360314 0.0091724253576632563 0.0011634269381769217 -0.0073221089916239417
leaf_weight=44.297675851732492 97.958531159907579 19.396578369662166 24.334134183824062
leaf_count=2716 565 399 331
internal_value=-0.000759272 -0.0118715 -0.00351737
internal_weight=185.987 88.0284 43.7307
internal_count=4011 3446 730
is_linear=0
shrinkage=0.03


Tree=59
num_leaves=7
num_cat=0
split_feature=6 6 3 3 2 4
split_gain=22.2258 7.53421 2.29987 2.45569 1.04477 0.632881
threshold=558.75000000000011 17995.155000000002 334.50000000000006 179.50000000000003 5654.6650000000009 15.500000000000002
decision_type=2 2 2 2 2 2
left_child=5 2 3 4 -2 -1
right_child=1 -3 -4 -5 -6 -7
leaf_value=-0.0041599985658841215 0.0047703163423196571 0.018073751762762807 -0.0040689658838804947 0.010918857289501096 -0.0031619625899636855 -0.019160321283840879
leaf_weight=9.2170944046229106 22.320957414805889 32.954890131950378 30.588889244943857 30.809668596833944 27.199513645842671 33.720443090423942
leaf_count=360 395 147 195 288 291 2318
internal_value=0.000675949 0.00645307 0.00224041 0.00491639 0.000247906 -0.017023
internal_weight=186.811 143.874 110.919 80.3301 49.5205 42.9375
internal_count=3994 1316 1169 974 686 2678
is_linear=0
shrinkage=0.03


Tree=60
num_leaves=5
num_cat=0
split_feature=2 0 6 4
split_gain=23.2404 6.0334 2.05889 0.118131
threshold=6284.9400000000014 1.5000000000000002 558.75000000000011 6.5000000000000009
decision_type=2 2 2 2
left_child=2 -2 3 -1
right_child=1 -3 -4 -5
leaf_value=-0.0029242059835930582 0.01422588510325627 9.6815104394613506e-05 -0.0045313777595073022 -0.017651261157312265
leaf_weight=5.3549364712089291 67.754540698602796 47.007886217907071 30.161257717758417 36.13844785746187
leaf_count=200 435 438 503 2448
internal_value=0.000492529 0.00880938 -0.0123379 -0.0165922
internal_weight=186.417 114.762 71.6546 41.4934
internal_count=4024 873 3151 2648
is_linear=0
shrinkage=0.03


Tree=61
num_leaves=6
num_cat=0
split_feature=6 6 3 3 4
split_gain=25.5769 9.87609 3.06003 2.95715 0.908307
threshold=558.75000000000011 16889.420000000002 334.50000000000006 166.50000000000003 5.5000000000000009
decision_type=2 2 2 2 2
left_child=-1 2 3 4 -2
right_child=1 -3 -4 -5 -6
leaf_value=-0.019290857501884986 0.0035871813567404944 0.019411768958495692 -0.0059365151222778578 0.010825298933508571 -0.0039803832549598793
leaf_weight=41.988704576157033 21.603423539549112 32.713356137275696 30.356409568339586 32.36065124347806 25.097255134955049
leaf_count=2702 224 144 199 314 429
internal_value=0 0.00613237 0.00135625 0.00452138 -0.000181183
internal_weight=184.12 142.131 109.418 79.0613 46.7007
internal_count=4012 1310 1166 967 653
is_linear=0
shrinkage=0.03


Tree=62
num_leaves=7
num_cat=0
split_feature=5 4 1 5 1 5
split_gain=24.399 11.1241 3.16391 3.39955 1.56223 1.3981
threshold=64.500000000000014 25.500000000000004 64.500000000000014 20.500000000000004 35.500000000000007 5.5000000000000009
decision_type=2 2 2 2 2 2
left_child=1 2 3 4 -1 -3
right_child=-2 5 -4 -5 -6 -7
leaf_value=0.0034893383293206491 0.01639109575076407 -0.021465241242512138 -0.0067797660122854344 0.013001184939444353 -0.0076807411106201056 -0.0047382635455786443
leaf_weight=19.246048591099679 51.58886044472456 33.272188945673406 37.242007849738002 18.10973196849227 15.132685363292692 11.845918731763957
leaf_count=518 249 2264 324 154 266 219
internal_value=-0.00015544 -0.00695259 -0.000432472 0.00400815 -0.00139749 -0.0182837
internal_weight=186.437 134.849 89.7305 52.4885 34.3787 45.1181
internal_count=3994 3745 1262 938 784 2483
is_linear=0
shrinkage=0.03


Tree=63
num_leaves=6
num_cat=0
split_feature=6 1 1 3 4
split_gain=18.8874 7.50214 3.37426 2.73907 0.857613
threshold=558.75000000000011 97.500000000000014 68.500000000000014 96.500000000000014 4.5000000000000009
decision_type=2 2 2 2 2
left_child=4 2 3 -2 -1
right_child=1 -3 -4 -5 -6
leaf_value=-0.00028236157673789736 -0.0031062117630464813 0.014108719969994223 -0.0077839272200959332 0.0085794545527924787 -0.018415133522175633
leaf_weight=4.4610715303570023 25.309401132166386 47.869928456842899 28.982981521636248 37.802180064842105 36.285483796149492
leaf_count=167 380 257 237 408 2541
internal_value=-0.000126386 0.0051011 0 0.00378896 -0.0170056
internal_weight=180.711 139.964 92.0946 63.1116 40.7466
internal_count=3990 1282 1025 788 2708
is_linear=0
shrinkage=0.03


Tree=64
num_leaves=10
num_cat=0
split_feature=4 6 2 6 3 0 6 0 2
split_gain=19.4538 9.48994 3.00939 3.13225 1.58188 1.22565 1.16944 1.1171 0.279326
threshold=25.500000000000004 19709.465000000004 23294.140000000003 4876.5800000000008 147.50000000000003 1.0000000180025095e-35 1624.0700000000002 3.5000000000000004 2801.8250000000003
decision_type=2 2 2 2 2 2 2 2 2
left_child=1 2 3 5 7 -1 8 -2 -7
right_child=4 -3 -4 -5 -6 6 -8 -9 -10
leaf_value=0.0053135273624982174 -0.0035792801417527569 0.017946726792845261 -0.0076002974503863036 0.011671716323272354 -0.00081813926155947087 -0.0011573781715947351 -0.0074679467865031391 -0.022225725941751116 0.0041417025645980486
leaf_weight=16.559136050753295 7.7816962506622067 31.243526622653008 27.331480111926794 21.788362868130207 6.8941954197362056 10.654605368152263 22.252293672412634 28.907282023690641 10.669599290937184
leaf_count=240 462 135 151 126 141 384 242 1868 230
internal_value=-0.000787422 0.00464063 8.53719e-05 0.00311172 -0.0172713 -0.000417331 -0.00322663 -0.0195343 0.00120727
internal_weight=184.082 140.499 109.255 81.924 43.5832 60.1356 43.5765 36.689 21.3242
internal_count=3979 1508 1373 1222 2471 1096 856 2330 614
is_linear=0
shrinkage=0.03


Tree=65
num_leaves=6
num_cat=0
split_feature=6 6 1 4 1
split_gain=21.177 5.6757 3.63296 2.13492 0.718968
threshold=558.75000000000011 17995.155000000002 59.500000000000007 4.5000000000000009 39.500000000000007
decision_type=2 2 2 2 2
left_child=3 2 4 -1 -2
right_child=1 -3 -4 -5 -6
leaf_value=0 0.0031258612875904464 0.016299433266838602 -0.0020865135749846019 -0.019516106084419487 0.012130511369559097
leaf_weight=4.5070377551019183 26.212319293990731 33.509496584534645 61.913037993013859 35.006386113353074 22.596837477758527
leaf_count=168 411 145 483 2540 263
internal_value=0.000797353 0.00626809 0.00252946 -0.0172959 0.00831325
internal_weight=183.745 144.232 110.722 39.5134 48.8092
internal_count=4010 1302 1157 2708 674
is_linear=0
shrinkage=0.03


Tree=66
num_leaves=7
num_cat=0
split_feature=6 3 1 3 6 6
split_gain=16.5414 3.59442 2.3796 1.55079 1.28368 1.9979
threshold=558.75000000000011 257.50000000000006 59.500000000000007 94.500000000000014 84.950000000000017 271.12500000000006
decision_type=2 2 2 2 2 2
left_child=4 2 3 -2 -1 -6
right_child=1 -3 -4 -5 5 -7
leaf_value=-0.019800390342229426 -0.00077259973535820034 0.0098844688324079 -0.0061742951321965981 0.0087435379547034647 0.0038189206404975118 -0.013299516853937952
leaf_weight=24.879838929511607 24.203989749774337 68.340780463069677 25.798820156604052 25.798755327239633 7.7313545122742635 6.410041312687099
leaf_count=1922 377 408 241 296 464 324
internal_value=0.000301548 0.00513939 0.000328782 0.00421301 -0.0157824 -0.00460405
internal_weight=183.164 144.142 75.8016 50.0027 39.0212 14.1414
internal_count=4032 1322 914 673 2710 788
is_linear=0
shrinkage=0.03


Tree=67
num_leaves=5
num_cat=0
split_feature=6 0 1 4
split_gain=17.0155 3.52543 2.30926 0.099653
threshold=558.75000000000011 1.5000000000000002 69.500000000000014 15.500000000000002
decision_type=2 2 2 2
left_child=3 -2 -3 -1
right_child=1 2 -4 -5
leaf_value=-0.0045743161005248247 0.0092773091724752052 0.0045889358757654469 -0.0061044166599942247 -0.01780147061878383
leaf_weight=8.3114047273993474 80.225219462066889 37.057488175109029 27.00613883882761 29.701652579940856
leaf_count=342 581 534 201 2351
internal_value=0.000425249 0.00528024 0 -0.0161261
internal_weight=182.302 144.289 64.0636 38.0131
internal_count=4009 1316 735 2693
is_linear=0
shrinkage=0.03


Tree=68
num_leaves=6
num_cat=0
split_feature=4 1 5 1 1
split_gain=14.7599 6.3169 4.37224 1.73969 0.311463
threshold=5.5000000000000009 92.500000000000014 4.5000000000000009 58.500000000000007 54.500000000000007
decision_type=2 2 2 2 2
left_child=1 4 -2 -4 -1
right_child=2 -3 3 -5 -6
leaf_value=0.0016140924735369995 -0.017671902232185819 0.014112985258267353 0.0016570945232153545 -0.0086957150944640803 -0.0024759662346020318
leaf_weight=28.180055670440197 33.717019849456847 47.20614298991859 25.740877662785351 21.352833580225706 26.923164708539844
leaf_count=395 2466 237 475 219 213
internal_value=-0.000723581 0.00662849 -0.0100503 -0.00313313 -0.00017445
internal_weight=183.12 102.309 80.8107 47.0937 55.1032
internal_count=4005 845 3160 694 608
is_linear=0
shrinkage=0.03


Tree=69
num_leaves=5
num_cat=0
split_feature=4 3 0 4
split_gain=18.872 3.36679 4.87858 3.0687
threshold=63.500000000000007 211.50000000000003 7.5000000000000009 5.5000000000000009
decision_type=2 2 2 2
left_child=1 2 3 -1
right_child=-2 -3 -4 -5
leaf_value=0.00098181010391764061 -0.020431637080126113 0.0091680524213340747 0.012732781143390229 -0.01222385852117973
leaf_weight=37.732730884104967 26.291368911042809 79.010085728950799 16.22835870180279 19.57151044998318
leaf_count=492 2023 512 492 468
internal_value=0.000776612 0.00505959 0.000151438 -0.00390669
internal_weight=178.834 152.543 73.5326 57.3042
internal_count=3987 1964 1452 960
is_linear=0
shrinkage=0.03


Tree=70
num_leaves=5
num_cat=0
split_feature=4 5 0 1
split_gain=17.9307 6.51724 5.72809 4.42474
threshold=4.5000000000000009 4.5000000000000009 6.5000000000000009 92.500000000000014
decision_type=2 2 2 2
left_child=3 -2 -3 -1
right_child=1 2 -4 -5
leaf_value=0.0021720014544291278 -0.018946169847704839 -0.0098315340792158694 0.0083015112982444787 0.015466355553455179
leaf_weight=50.283737674355507 32.823647577315569 31.742180829867721 21.970946369692683 44.74499661102891
leaf_count=533 2468 424 350 224
internal_value=0.000190306 -0.00932899 -0.00208356 0.0090419
internal_weight=181.566 86.5368 53.7131 95.0287
internal_count=3999 3242 774 757
is_linear=0
shrinkage=0.03


Tree=71
num_leaves=6
num_cat=0
split_feature=4 6 4 0 2
split_gain=13.6131 6.33559 3.15711 4.86847 1.21528
threshold=8.5000000000000018 12647.485000000002 63.500000000000007 10.500000000000002 7569.7900000000009
decision_type=2 2 2 2 2
left_child=1 4 3 -2 -1
right_child=2 -3 -4 -5 -6
leaf_value=-0.0046485173812871455 -0.011686436725891701 0.014040013169260162 -0.01839013274295993 0.0069263234387981617 0.0029541913292907619
leaf_weight=26.736984360963106 26.188685622066259 43.445004805922508 25.796716225333512 15.974908477626739 41.745556484907866
leaf_count=487 555 187 1990 440 293
internal_value=-0.000539935 0.00573632 -0.010767 -0.00432973 0
internal_weight=179.888 111.928 67.9603 42.1636 68.4825
internal_count=3952 967 2985 995 780
is_linear=0
shrinkage=0.03


Tree=72
num_leaves=4
num_cat=0
split_feature=6 0 0
split_gain=17.5173 5.01185 1.62799
threshold=558.75000000000011 1.5000000000000002 5.5000000000000009
decision_type=2 2 2
left_child=-1 -2 -3
right_child=1 2 -4
leaf_value=-0.018380160825969282 0.00847193727697154 -0.0060610666904675602 0.0027726096403357645
leaf_weight=36.161517411470413 81.228645272552967 38.264586091041565 26.504143120720983
leaf_count=2724 578 352 380
internal_value=-0.00099334 0.00367982 -0.00229158
internal_weight=182.159 145.997 64.7687
internal_count=4034 1310 732
is_linear=0
shrinkage=0.03


Tree=73
num_leaves=6
num_cat=0
split_feature=4 3 0 0 0
split_gain=13.449 5.82365 4.65425 2.70185 0.397277
threshold=58.500000000000007 211.50000000000003 7.5000000000000009 1.0000000180025095e-35 3.5000000000000004
decision_type=2 2 2 2 2
left_child=1 2 3 -1 -2
right_child=4 -3 -4 -5 -6
leaf_value=0.0014059687810179795 -0.0028596580470156927 0.008708781213672941 0.0090801631132024999 -0.01134093745699882 -0.020370655175643411
leaf_weight=19.03675864636898 5.3717989996075657 82.350257189013064 17.209458981640637 35.790140061639249 20.276254788041115
leaf_count=252 413 530 490 656 1641
internal_value=0 0.0034418 -0.00255903 -0.00691668 -0.0182574
internal_weight=180.035 154.387 72.0364 54.8269 25.6481
internal_count=3982 1928 1398 908 2054
is_linear=0
shrinkage=0.03


Tree=74
num_leaves=6
num_cat=0
split_feature=5 6 1 2 4
split_gain=13.8171 4.42095 3.53485 1.5324 0.313994
threshold=7.5000000000000009 14061.845000000001 59.500000000000007 5654.6650000000009 5.5000000000000009
decision_type=2 2 2 2 2
left_child=3 2 -2 4 -1
right_child=1 -3 -4 -5 -6
leaf_value=-0.001831093556667131 0.0073206808172502158 0.01250646752157992 -0.0039131553967529254 0 -0.017203827446189889
leaf_weight=4.9041651841253033 38.427684841677547 39.189444795250893 54.175613129511476 5.5146956332027903 32.438796757720411
leaf_count=161 509 169 457 157 2521
internal_value=-0.000103364 0.00467138 0.000731091 -0.0140538 -0.0159938
internal_weight=174.65 131.793 92.6033 42.8577 37.343
internal_count=3974 1135 966 2839 2682
is_linear=0
shrinkage=0.03


Tree=75
num_leaves=7
num_cat=0
split_feature=6 6 2 6 3 4
split_gain=11.7329 2.24493 1.77673 3.41762 5.01664 1.29084
threshold=558.75000000000011 16889.420000000002 22472.690000000006 3169.1550000000002 143.50000000000003 3.5000000000000004
decision_type=2 2 2 2 2 2
left_child=5 2 3 4 -2 -1
right_child=1 -3 -4 -5 -6 -7
leaf_value=0 0.0067749193333004306 0.010010806562913975 -0.0043395836645148114 0.0099141201192444305 -0.0115244676160612 -0.016423390558019994
leaf_weight=3.579674392938613 23.45171332731843 34.340870402753353 28.892649758607149 36.732627719640732 20.226922107860446 30.563667444512248
leaf_count=138 441 146 170 252 283 2552
internal_value=0 0.00378437 0.0013446 0.00369709 -0.00170442 -0.0146759
internal_weight=177.788 143.645 109.304 80.4113 43.6786 34.1433
internal_count=3982 1292 1146 976 724 2690
is_linear=0
shrinkage=0.03


Tree=76
num_leaves=7
num_cat=0
split_feature=4 6 3 3 0 4
split_gain=12.8196 4.86898 4.84258 5.07818 3.04267 2.45598
threshold=63.500000000000007 19709.465000000004 420.50000000000006 257.50000000000006 7.5000000000000009 5.5000000000000009
decision_type=2 2 2 2 2 2
left_child=1 2 3 4 5 -1
right_child=-2 -3 -4 -5 -6 -7
leaf_value=0.00044877964894091002 -0.018588432373777702 0.01298992839612112 -0.010725666431242514 0.014689074872650108 0.0086825399031051857 -0.011032425387443324
leaf_weight=40.220371980220079 23.925800587050617 30.104561790823936 23.255208166316152 21.299176130443811 18.902309397235513 20.852238396182656
leaf_count=522 2009 128 145 170 524 480
internal_value=-0.000140614 0.00311259 0.000199711 0.0032362 -0.000322285 -0.00378249
internal_weight=178.56 154.634 124.529 101.274 79.9749 61.0726
internal_count=3978 1969 1841 1696 1526 1002
is_linear=0
shrinkage=0.03


Tree=77
num_leaves=4
num_cat=0
split_feature=6 3 2
split_gain=18.5194 4.73677 1.08617
threshold=558.75000000000011 211.50000000000003 8346.8200000000015
decision_type=2 2 2
left_child=-1 2 -2
right_child=1 -3 -4
leaf_value=-0.018329819507481752 0.0023259401829291964 0.0096343084556439976 -0.0049159062475842537
leaf_weight=33.577160349115729 33.381067609414458 80.207282211631536 29.438965054228902
leaf_count=2701 544 484 254
internal_value=0.00010338 0.00500507 -0.000958812
internal_weight=176.604 143.027 62.82
internal_count=3983 1282 798
is_linear=0
shrinkage=0.03


Tree=78
num_leaves=6
num_cat=0
split_feature=4 0 6 0 6
split_gain=11.2427 4.69225 2.3447 1.64627 0.91849
threshold=63.500000000000007 1.5000000000000002 8518.885000000002 6.5000000000000009 2325.7850000000003
decision_type=2 2 2 2 2
left_child=1 2 -1 -3 -5
right_child=-2 3 -4 4 -6
leaf_value=0.0025777388493698752 -0.017051622642913173 -0.005313684170109698 0.013262604778322248 -0.0012339297133012136 0.008019671452676647
leaf_weight=44.345182324759662 22.912448427639902 44.556260386481881 39.194209009408951 13.681214457377793 12.872367259114979
leaf_count=572 2022 597 172 517 111
internal_value=0.000434536 0.00357209 0.00822605 -0.00187948 0.00333652
internal_weight=177.562 154.649 83.5394 71.1098 26.5536
internal_count=3991 1969 744 1225 628
is_linear=0
shrinkage=0.03


Tree=79
num_leaves=7
num_cat=0
split_feature=4 4 0 3 2 3
split_gain=14.5333 4.71162 3.20697 2.62298 0.849292 0.10562
threshold=4.5000000000000009 63.500000000000007 10.500000000000002 250.50000000000003 14989.645000000002 118.50000000000001
decision_type=2 2 2 2 2 2
left_child=3 2 4 -1 5 -2
right_child=1 -3 -4 -5 -6 -7
leaf_value=0.00074541631753459437 -0.014544717142024531 -0.020070972577022134 0.0058630346294078059 0.011048706389437165 -0.0011378296560148082 -0.0044392372186754419
leaf_weight=40.808963289484382 12.198924515396358 22.36991707701236 15.713368553668259 57.617989579215646 16.324833642691374 13.943288777954875
leaf_count=473 428 2007 429 296 118 243
internal_value=-0.00032838 -0.00954302 -0.00398966 0.00716442 -0.00818486 -0.0112146
internal_weight=178.977 80.5503 58.1804 98.427 42.467 26.1422
internal_count=3994 3225 1218 769 789 671
is_linear=0
shrinkage=0.03


Tree=80
num_leaves=6
num_cat=0
split_feature=4 2 5 1 2
split_gain=13.2688 4.44482 3.08737 1.10934 1.13663
threshold=13.500000000000002 38755.090000000004 4.5000000000000009 85.500000000000014 6702.4350000000004
decision_type=2 2 2 2 2
left_child=1 3 -2 4 -1
right_child=2 -3 -4 -5 -6
leaf_value=-0.00014025156679580762 -0.018220309730309848 0.013481771010707078 -0.002705111241382732 -0.0025961086801666996 0.007477507639551584
leaf_weight=27.248600115999579 25.901652208529413 39.334724888205528 25.905099449679255 30.466500040143728 30.601116618141532
leaf_count=577 2351 171 454 205 251
internal_value=0.000410289 0.00567143 -0.0116472 0.00149609 0.00392499
internal_weight=179.458 127.651 51.8068 88.3162 57.8497
internal_count=4009 1204 2805 1033 828
is_linear=0
shrinkage=0.03


Tree=81
num_leaves=6
num_cat=0
split_feature=2 8 5 2 2
split_gain=10.2435 2.12107 1.97988 4.06726 2.06747
threshold=4176.1250000000009 4.5000000000000009 64.500000000000014 21426.730000000003 9207.8250000000025
decision_type=2 2 2 2 2
left_child=1 -1 3 4 -2
right_child=2 -3 -4 -5 -6
leaf_value=-0.014197085840026507 0 0.0015320610844755094 0.0087614133108193555 -0.0072614831688006375 0.010825132097099925
leaf_weight=39.508442829363048 26.001252859830856 6.2264864575117818 45.258212506771088 28.740395044907928 27.52771726809442
leaf_count=2745 478 90 204 177 281
internal_value=-0.000288583 -0.0118201 0.00402367 0.000892799 0.00577354
internal_weight=173.263 45.7349 127.528 82.2694 53.529
internal_count=3975 2835 1140 936 759
is_linear=0
shrinkage=0.03


Tree=82
num_leaves=6
num_cat=0
split_feature=3 4 8 4 0
split_gain=7.91792 3.02267 3.99698 1.1871 0.89401
threshold=86.500000000000014 1.5000000000000002 3.5000000000000004 25.500000000000004 3.5000000000000004
decision_type=2 2 2 2 2
left_child=3 -2 -3 -1 -5
right_child=1 2 -4 4 -6
leaf_value=-0.0036579222975295879 0.0080322360257570318 0.0066212291169337086 -0.0063746679337311537 0 -0.017731539215501746
leaf_weight=21.314661143347621 52.359210841357708 31.131944322027266 46.063477507792413 4.2980830166488913 19.70668631605804
leaf_count=528 321 539 482 376 1731
internal_value=-0.000951891 0.00278287 -0.000867139 -0.0111422 -0.0154944
internal_weight=174.874 129.555 77.1954 45.3194 24.0048
internal_count=3977 1342 1021 2635 2107
is_linear=0
shrinkage=0.03


Tree=83
num_leaves=8
num_cat=0
split_feature=6 4 2 2 0 3 0
split_gain=9.39433 5.64075 4.87432 3.27324 1.25443 1.46505 0.786146
threshold=19709.465000000004 56.500000000000007 22472.690000000006 9497.6200000000008 7.5000000000000009 86.500000000000014 3.5000000000000004
decision_type=2 2 2 2 2 2 2
left_child=1 2 3 4 5 -1 -3
right_child=-2 6 -4 -5 -6 -7 -8
leaf_value=-0.011265839263678672 0.012607983701568019 -0.00084150902577985812 -0.011101068347800388 0.0084977261434809603 0.0039913187079304571 0 -0.019395240113224764
leaf_weight=14.948584887199102 29.857063151896 4.6915775900706675 30.855227034538984 34.95223072450608 13.346755006350575 27.190855840221047 18.036479112692177
leaf_count=447 127 417 172 288 452 423 1693
internal_value=-0.00134131 -0.00465978 -0.00165848 0.00181873 -0.00249523 -0.00507334 -0.0169487
internal_weight=173.879 144.022 121.294 90.4384 55.4862 42.1394 22.7281
internal_count=4019 3892 1782 1610 1322 870 2110
is_linear=0
shrinkage=0.03


Tree=84
num_leaves=6
num_cat=0
split_feature=4 2 1 0 2
split_gain=12.4598 3.57086 4.10358 2.54255 0.489441
threshold=63.500000000000007 4354.2650000000012 28.500000000000004 1.5000000000000002 1455.4000000000003
decision_type=2 2 2 2 2
left_child=1 2 4 -3 -1
right_child=-2 3 -4 -5 -6
leaf_value=0 -0.01721019245943594 0.010659706002036119 -0.014045655053818086 0.0016173174732879976 0.0093321390728174896
leaf_weight=7.8541804887354392 21.058044655248523 75.001973216421902 12.890689852647482 52.948492228984833 7.2718762829899788
leaf_count=426 2035 499 341 515 206
internal_value=0.00197343 0.00511084 -0.00375083 0.00723216 0.00558709
internal_weight=177.025 155.967 28.0167 127.95 15.1261
internal_count=4022 1987 973 1014 632
is_linear=0
shrinkage=0.03


Tree=85
num_leaves=7
num_cat=0
split_feature=6 3 2 6 3 4
split_gain=8.32053 3.69352 1.87779 2.61231 4.81047 1.50586
threshold=84.950000000000017 613.50000000000011 20623.380000000005 3169.1550000000002 148.50000000000003 25.500000000000004
decision_type=2 2 2 2 2 2
left_child=-1 2 3 4 5 -2
right_child=1 -3 -4 -5 -6 -7
leaf_value=-0.015578018514206596 0.0096263271873818067 0.012915104699061151 -0.0034250516489687205 0.0096670795668822394 -0.01121376754178569 -0.0020201642877234506
leaf_weight=18.519255632534623 23.739837769418955 25.687887188047171 45.282805955037475 33.714918617159128 18.581979598850012 10.196995182894169
leaf_count=1929 587 121 245 230 309 541
internal_value=0.00101541 0.00348259 0.00112481 0.0037352 -0.000321359 0.00593162
internal_weight=175.724 157.204 131.517 86.2337 52.5188 33.9368
internal_count=3962 2033 1912 1667 1437 1128
is_linear=0
shrinkage=0.03


Tree=86
num_leaves=6
num_cat=0
split_feature=6 3 3 7 2
split_gain=9.18168 3.59633 4.21259 1.83603 3.20136
threshold=558.75000000000011 195.50000000000003 126.50000000000001 2.5000000000000004 373.91000000000003
decision_type=2 2 2 2 2
left_child=3 2 -2 4 -1
right_child=1 -3 -4 -5 -6
leaf_value=-0.013238400834558449 0.0040176127473769592 0.0072258167888447434 -0.010890338984138284 -0.017858979788919534 0.010913102221403136
leaf_weight=4.7561719762161392 37.097651746124029 88.814173998311162 23.186687057837844 20.195439178496599 4.8604381205514073
leaf_count=507 533 550 249 1683 498
internal_value=0.000291123 0.0035046 -0.00188147 -0.0135445 -0.000447993
internal_weight=178.911 149.099 60.2843 29.812 9.61661
internal_count=4020 1332 782 2688 1005
is_linear=0
shrinkage=0.03


end of trees

feature_importances:
Column_6=120
Column_4=77
Column_5=53
Column_2=38
Column_0=33
Column_3=32
Column_1=29
Column_8=4
Column_7=1

parameters:
[boosting: gbdt]
[objective: binary]
[metric: auc,binary_logloss]
[tree_learner: serial]
[device_type: cpu]
[data_sample_strategy: bagging]
[data: ]
[valid: ]
[num_iterations: 2000]
[learning_rate: 0.03]
[num_leaves: 63]
[num_threads: -1]
[seed: 20260825]
[deterministic: 0]
[force_col_wise: 0]
[force_row_wise: 0]
[histogram_pool_size: -1]
[max_depth: -1]
[min_data_in_leaf: 300]
[min_sum_hessian_in_leaf: 0.001]
[bagging_fraction: 0.8]
[pos_bagging_fraction: 1]
[neg_bagging_fraction: 1]
[bagging_freq: 1]
[bagging_seed: 20260825]
[bagging_by_query: 0]
[feature_fraction: 0.75]
[feature_fraction_bynode: 1]
[feature_fraction_seed: 20260825]
[extra_trees: 0]
[extra_seed: 27901]
[early_stopping_round: 0]
[early_stopping_min_delta: 0]
[first_metric_only: 0]
[max_delta_step: 0]
[lambda_l1: 0.5]
[lambda_l2: 5]
[linear_lambda: 0]
[min_gain_to_split: 0]
[drop_rate: 0.1]
[max_drop: 50]
[skip_drop: 0.5]
[xgboost_dart_mode: 0]
[uniform_drop: 0]
[drop_seed: 29628]
[top_rate: 0.2]
[other_rate: 0.1]
[min_data_per_group: 100]
[max_cat_threshold: 32]
[cat_l2: 10]
[cat_smooth: 10]
[max_cat_to_onehot: 4]
[top_k: 20]
[monotone_constraints: ]
[monotone_constraints_method: basic]
[monotone_penalty: 0]
[feature_contri: ]
[forcedsplits_filename: ]
[refit_decay_rate: 0.9]
[cegb_tradeoff: 1]
[cegb_penalty_split: 0]
[cegb_penalty_feature_lazy: ]
[cegb_penalty_feature_coupled: ]
[path_smooth: 0]
[interaction_constraints: ]
[verbosity: -1]
[saved_feature_importance_type: 0]
[use_quantized_grad: 0]
[num_grad_quant_bins: 4]
[quant_train_renew_leaf: 0]
[stochastic_rounding: 1]
[linear_tree: 0]
[max_bin: 255]
[max_bin_by_feature: ]
[min_data_in_bin: 3]
[bin_construct_sample_cnt: 200000]
[data_random_seed: 4775]
[is_enable_sparse: 1]
[enable_bundle: 1]
[use_missing: 1]
[zero_as_missing: 0]
[feature_pre_filter: 1]
[pre_partition: 0]
[two_round: 0]
[header: 0]
[label_column: ]
[weight_column: ]
[group_column: ]
[ignore_column: ]
[categorical_feature: ]
[forcedbins_filename: ]
[precise_float_parser: 0]
[parser_config_file: ]
[objective_seed: 9445]
[num_class: 1]
[is_unbalance: 0]
[scale_pos_weight: 1]
[sigmoid: 1]
[boost_from_average: 1]
[reg_sqrt: 0]
[alpha: 0.9]
[fair_c: 1]
[poisson_max_delta_step: 0.7]
[tweedie_variance_power: 1.5]
[lambdarank_truncation_level: 30]
[lambdarank_norm: 1]
[label_gain: ]
[lambdarank_position_bias_regularization: 0]
[eval_at: ]
[multi_error_top_k: 1]
[auc_mu_weights: ]
[num_machines: 1]
[local_listen_port: 12400]
[time_out: 120]
[machine_list_filename: ]
[machines: ]
[gpu_platform_id: -1]
[gpu_device_id: -1]
[gpu_use_dp: 0]
[num_gpu: 1]

end of parameters

pandas_categorical:null
