tree
version=v4
num_class=1
num_tree_per_iteration=1
label_index=0
max_feature_idx=142
objective=binary sigmoid:1
feature_names=Column_0 Column_1 Column_2 Column_3 Column_4 Column_5 Column_6 Column_7 Column_8 Column_9 Column_10 Column_11 Column_12 Column_13 Column_14 Column_15 Column_16 Column_17 Column_18 Column_19 Column_20 Column_21 Column_22 Column_23 Column_24 Column_25 Column_26 Column_27 Column_28 Column_29 Column_30 Column_31 Column_32 Column_33 Column_34 Column_35 Column_36 Column_37 Column_38 Column_39 Column_40 Column_41 Column_42 Column_43 Column_44 Column_45 Column_46 Column_47 Column_48 Column_49 Column_50 Column_51 Column_52 Column_53 Column_54 Column_55 Column_56 Column_57 Column_58 Column_59 Column_60 Column_61 Column_62 Column_63 Column_64 Column_65 Column_66 Column_67 Column_68 Column_69 Column_70 Column_71 Column_72 Column_73 Column_74 Column_75 Column_76 Column_77 Column_78 Column_79 Column_80 Column_81 Column_82 Column_83 Column_84 Column_85 Column_86 Column_87 Column_88 Column_89 Column_90 Column_91 Column_92 Column_93 Column_94 Column_95 Column_96 Column_97 Column_98 Column_99 Column_100 Column_101 Column_102 Column_103 Column_104 Column_105 Column_106 Column_107 Column_108 Column_109 Column_110 Column_111 Column_112 Column_113 Column_114 Column_115 Column_116 Column_117 Column_118 Column_119 Column_120 Column_121 Column_122 Column_123 Column_124 Column_125 Column_126 Column_127 Column_128 Column_129 Column_130 Column_131 Column_132 Column_133 Column_134 Column_135 Column_136 Column_137 Column_138 Column_139 Column_140 Column_141 Column_142
feature_infos=[0:287] [0:162] [0:90] [0:60] [0:30] [0:7] [0:1300322] [0:834119.59999999998] [0:422534.78000000003] [0:349560.53000000003] [0:172582.60000000001] [0:77806.800000000003] [0:3806] [0:3806] [0:3383] [0:2272] [0:1390] [0:287] [0:17722] [0:25296.5] [0:9188.6149999999998] [0:2584] [0:2584] [0:2584] [2:2584] [1:2584] [0:2584] [0:2584] [0:2584] [0:2584] [0:33416] [0:16038] [0:8174] [0:4666] [0:3802] [0:2072] [0:1259] [0:455] [0:17323] [0:11328] [0:10277] [0:3145] [0:17125] [0:9533] [0:8618] [0:2722] [0:1133150.8] [0:645802.06000000006] [0:329430.56] [0:120811.875] [0:148021] [0:22552] [0:10215] [0:6965] [0:332836] [0:146372] [0:62822] [0:32059] [0:37332] [0:14626] [0:3129] [0:1149] [0:437] [0:186] [0:112] [0:60] [0:37128] [0:14500] [0:3063] [0:1131] [0:1391] [0:558] [0:287] [0:165] [0:30] [0:14] [0:7] [0:3] [0:30] [0:14] [0:7] [0:3] [0:30] [0:14] [0:7] [0:3] [0:30] [0:14] [0:7] [0:3] [0:30] [0:14] [0:7] [0:3] [0:30] [0:14] [0:7] [0:3] [0:30] [0:14] [0:7] [0:3] [0:30] [0:14] [0:7] [0:3] [0:30] [0:14] [0:7] [0:3] [0:30] [0:14] [0:7] [0:3] [0:1.8506787] [0:2] [0:0.46296295999999998] [0:1.1285547] [0:0.5] [0:4] [0:3] [0:3] [0:3] [0:3] [0:3] [0:5] [0:5] [0:81] [0:81] [0:81] [0:88] [0:89] [0:91] [0:92] [0:99] [0:3] [0:3] [0:3] [0:3] [0:9] [0:9] [0:9] [0:9]
tree_sizes=859 880 876 1088 780 881 886 878 998 892 886 886 984 992 884 1207 996 1090 993 882 1097 992 1205 996 1106 994 1318 1201 1003 994 994 1201 1097 987 1215 1198 1209 1205 998 992 1004

Tree=0
num_leaves=7
num_cat=0
split_feature=7 58 57 68 54 10
split_gain=691.082 98.8628 27.5573 8.83963 3.1163 2.00689
threshold=5941.3750000000009 81.500000000000014 251.00000000000003 1.5000000000000002 424.00000000000006 138.85000000000005
decision_type=2 2 2 2 2 2
left_child=1 3 -3 5 -5 -1
right_child=-2 2 -4 4 -6 -7
leaf_value=-2.8560505100393407 -2.5363868953691844 -2.8017920609164446 -2.7014843874972478 -2.8348806349855455 -2.8004811672433565 -2.8274574154601506
leaf_weight=133.94749018549919 19.404110737144947 12.95399082452059 12.953990824520586 12.738986827433111 10.911452852189539 10.857701852917669
leaf_count=2492 361 241 241 237 203 202
internal_value=-2.80617 -2.83558 -2.74774 -2.84962 -2.81982 -2.85423
internal_weight=213.768 194.364 25.908 168.456 23.6504 144.805
internal_count=3977 3616 482 3134 440 2694
is_linear=0
shrinkage=1


Tree=1
num_leaves=7
num_cat=0
split_feature=10 7 54 36 7 58
split_gain=522.318 55.7102 54.5688 22.6475 6.26775 3.97773
threshold=845.94500000000005 3169.1550000000002 5396.0000000000009 24.500000000000004 679.5350000000002 43.500000000000007
decision_type=2 2 2 2 2 2
left_child=1 3 -2 5 -5 -1
right_child=2 -3 -4 4 -6 -7
leaf_value=-0.049587280327672852 0.10117962290329451 0.061840690496284156 0.26661482157972921 -0.01844593644599769 0.030376025208462654 -0.019893890001182784
leaf_weight=136.20450891554356 13.228040818125011 12.800518486648796 13.315651450306175 11.180869556963446 11.246606621891258 16.305873807519674
leaf_count=2641 213 213 203 207 203 306
internal_value=-0.00239823 -0.0323753 0.197036 -0.0398904 0.00651913 -0.0467112
internal_weight=214.282 187.738 26.5437 174.938 22.4275 152.51
internal_count=3986 3570 416 3357 410 2947
is_linear=0
shrinkage=0.05


Tree=2
num_leaves=7
num_cat=0
split_feature=10 6 60 7 37 32
split_gain=475.8 69.4749 28.941 14.2824 10.085 0.593217
threshold=845.94500000000005 4784.6050000000005 74.500000000000014 558.75000000000011 9.5000000000000018 431.50000000000006
decision_type=2 2 2 2 2 2
left_child=1 3 -2 5 -5 -1
right_child=2 -3 -4 4 -6 -7
leaf_value=-0.050778204163055597 0.10431377953030326 0.059655029628655126 0.22644594219262967 -0.031340743285421316 0.022932917010639702 -0.034946905457560587
leaf_weight=102.27489022538066 15.402279477566482 17.502969156950712 15.63473631441593 19.180501341819767 12.53809233009815 29.042111050337553
leaf_count=2071 220 292 198 376 225 571
internal_value=0.00122642 -0.0303863 0.175821 -0.0406587 -0.0097991 -0.0478537
internal_weight=211.576 180.539 31.037 163.036 31.7186 131.317
internal_count=3953 3535 418 3243 601 2642
is_linear=0
shrinkage=0.05


Tree=3
num_leaves=9
num_cat=0
split_feature=15 8 7 46 58 34 55 19
split_gain=354.586 54.106 49.1031 18.2553 9.12146 4.27542 2.0049 0.844945
threshold=12.500000000000002 4870.670000000001 558.75000000000011 15330.525000000001 81.500000000000014 45.500000000000007 134.50000000000003 42.568235000000008
decision_type=2 2 2 2 2 2 2 2
left_child=2 -2 6 4 5 -4 -1 -8
right_child=1 -3 3 -5 -6 -7 7 -9
leaf_value=-0.049309754420479288 0.061805943989620554 0.19370489437955196 -0.0021277886777399998 0.060985335810625534 0.028138701443171762 -0.041826787157489637 -0.037163943969843412 -0.013929092189390146
leaf_weight=105.4845191501081 16.59834411367774 19.078957132995129 13.853432238101961 11.975750852376221 11.540680244565008 11.726742405444382 11.168023340404035 11.011963527649639
leaf_count=2234 241 204 268 180 187 211 225 221
internal_value=-0.000525165 0.138879 -0.0299014 0.0122406 -0.00579898 -0.0220404 -0.046047 -0.0277345
internal_weight=212.438 35.6773 176.761 49.0966 37.1209 25.5802 127.665 22.18
internal_count=3971 445 3526 846 666 479 2680 446
is_linear=0
shrinkage=0.05


Tree=4
num_leaves=6
num_cat=0
split_feature=10 6 13 37 35
split_gain=354.128 44.9078 21.7306 13.2561 2.16977
threshold=845.94500000000005 3578.8150000000005 57.500000000000007 20.500000000000004 48.500000000000007
decision_type=2 2 2 2 2
left_child=1 3 -2 4 -1
right_child=2 -3 -4 -5 -6
leaf_value=-0.048375606667052762 0.077798460903029026 0.028868309360970845 0.16699164660308352 0.011869135446821324 -0.018384411480323489
leaf_weight=131.19640540331602 19.097722943872213 24.121320277452469 20.390817128121853 9.6279083117842656 9.7414976917207223
leaf_count=2855 226 386 195 174 187
internal_value=-0.00178917 -0.0326409 0.129685 -0.0427442 -0.0465889
internal_weight=214.176 174.687 39.4885 150.566 140.938
internal_count=4023 3602 421 3216 3042
is_linear=0
shrinkage=0.05


Tree=5
num_leaves=7
num_cat=0
split_feature=58 7 99 7 108 58
split_gain=282.592 49.2109 16.0053 12.7291 3.56591 1.81186
threshold=84.500000000000014 10705.550000000001 10.500000000000002 3051.0000000000005 1.5000000000000002 40.500000000000007
decision_type=2 2 2 2 2 2
left_child=3 2 -2 4 5 -1
right_child=1 -3 -4 -5 -6 -7
leaf_value=-0.049013934486220455 0.015636392736044426 0.14096553802900044 0.078653494455103903 0.010901828322913443 -0.014110669532664469 -0.02142067752778485
leaf_weight=116.82330261543393 21.816189929842949 22.455620877444744 18.965863093733788 10.37629923969507 11.053548537194727 10.93860589340329
leaf_count=2661 340 194 236 145 221 223
internal_value=-0.00317859 0.0838294 0.0472497 -0.0406796 -0.0446353 -0.047018
internal_weight=212.429 63.2377 40.7821 149.192 138.815 127.762
internal_count=4020 770 576 3250 3105 2884
is_linear=0
shrinkage=0.05


Tree=6
num_leaves=7
num_cat=0
split_feature=55 55 11 6 18 54
split_gain=226.998 36.9898 25.2678 11.9231 4.03943 2.40548
threshold=1118.5000000000002 128.50000000000003 175.54000000000005 2780.8050000000003 52.405000000000008 245.50000000000003
decision_type=2 2 2 2 2 2
left_child=1 5 -2 4 -3 -1
right_child=2 3 -4 -5 -6 -7
leaf_value=-0.049273125139017306 0.038958928011834842 -0.039778252672659754 0.11503454157013769 0.028737836274075619 -0.0025323425191446946 -0.017670544779838256
leaf_weight=98.264491811394691 20.431877732276917 10.09657095000148 31.809479858726263 23.967369839549065 19.02688716724515 9.5273448377847654
leaf_count=2344 272 218 275 349 395 197
internal_value=-0.000785784 -0.0302808 0.0878145 0.00384489 -0.0171712 -0.0468527
internal_weight=213.124 160.883 52.2414 53.0908 29.1235 107.792
internal_count=4050 3503 547 962 613 2541
is_linear=0
shrinkage=0.05


Tree=7
num_leaves=7
num_cat=0
split_feature=8 6 14 56 52 6
split_gain=220.922 23.4059 17.4579 7.44307 2.69171 0.722113
threshold=1939.7850000000001 3005.4700000000007 27.500000000000004 119.50000000000001 2.5000000000000004 786.06500000000017
decision_type=2 2 2 2 2 2
left_child=1 3 -2 5 -5 -1
right_child=2 -3 -4 4 -6 -7
leaf_value=-0.04945056144136311 0.041522658126143946 0.014613035117237619 0.10440294323841739 0.00073180014637807167 -0.030086854186101519 -0.02882670354914272
leaf_weight=91.454711012542248 22.176324274390936 20.755933031439781 32.870712477713823 13.04570357128978 13.268868252635 15.147423982620237
leaf_count=2295 250 332 260 267 234 347
internal_value=-0.00278602 -0.033606 0.0814148 -0.0412408 -0.0158357 -0.0471049
internal_weight=208.72 153.673 55.047 132.917 26.3146 106.602
internal_count=3985 3475 510 3143 501 2642
is_linear=0
shrinkage=0.05


Tree=8
num_leaves=8
num_cat=0
split_feature=6 71 7 46 117 115 79
split_gain=200.369 33.3813 23.1746 9.49685 7.22218 4.74906 0.562778
threshold=4784.6050000000005 4.5000000000000009 558.75000000000011 18144.200500000003 0.0060703032500000007 0.083350360500000012 10.500000000000002
decision_type=2 2 2 2 2 2 2
left_child=2 4 6 5 -2 -4 -1
right_child=1 -3 3 -5 -6 -7 -8
leaf_value=-0.047675772925257896 0.0078770792008255614 0.10501403936978999 -0.035847277644130301 0.033284129357343172 0.053691272267187728 0.0057783443475491209 -0.027853988803112691
leaf_weight=89.531891394406557 16.984720505774021 32.840509261935949 13.033772226423027 12.302848372608421 17.281581874936819 11.705878008157013 14.424004379659889
leaf_count=2331 202 243 266 171 210 231 324
internal_value=0.000183465 0.0700877 -0.0336017 0.000418399 0.0326694 -0.0171925 -0.0455032
internal_weight=208.105 67.1068 140.998 37.0425 34.2663 24.7397 103.956
internal_count=3978 655 3323 668 412 497 2655
is_linear=0
shrinkage=0.05


Tree=9
num_leaves=7
num_cat=0
split_feature=12 55 12 89 118 58
split_gain=181.743 32.1622 8.58266 8.49378 8.37669 1.41876
threshold=18.500000000000004 905.00000000000011 118.50000000000001 2.5000000000000004 0.0031742673500000005 46.500000000000007
decision_type=2 2 2 2 2 2
left_child=3 4 -3 5 -2 -1
right_child=1 2 -4 -5 -6 -7
leaf_value=-0.047744003378226187 0.037781489339142715 0.050613515957303248 0.096314690488346469 -0.0059160159425088706 -0.010869915880295972 -0.019408563602044831
leaf_weight=92.170321404933929 14.449537571519611 30.459337025880814 27.507483102381229 16.129140328615904 17.685374293476343 8.6051502004265767
leaf_count=2479 242 304 188 321 271 172
internal_value=0.000398284 0.0531195 0.0747894 -0.0404455 0.0119382 -0.0457492
internal_weight=207.006 90.1017 57.9668 116.905 32.1349 100.775
internal_count=3977 1005 492 2972 513 2651
is_linear=0
shrinkage=0.05


Tree=10
num_leaves=7
num_cat=0
split_feature=6 15 7 68 32 108
split_gain=163.232 28.3166 20.305 8.50706 3.21753 1.65636
threshold=4875.9650000000011 12.500000000000002 558.75000000000011 4.5000000000000009 588.50000000000011 1.5000000000000002
decision_type=2 2 2 2 2 2
left_child=2 -2 5 4 -4 -1
right_child=1 -3 3 -5 -6 -7
leaf_value=-0.046382243699748103 0.014535674632456044 0.081495540571740577 0.0005317255385553644 0.029276321655875098 -0.034644377602463187 -0.016323985784201529
leaf_weight=88.785307802259922 24.620457641780376 47.71926262229681 12.20483121648431 12.946815632283686 11.766037002205847 7.802979387342929
leaf_count=2495 310 341 268 176 217 174
internal_value=0.000174262 0.0597103 -0.0324903 -0.000816465 -0.0180727 -0.0443344
internal_weight=205.846 72.3397 133.506 36.9177 23.9709 96.5883
internal_count=3981 651 3330 661 485 2669
is_linear=0
shrinkage=0.05


Tree=11
num_leaves=7
num_cat=0
split_feature=7 55 118 32 11 7
split_gain=155.315 29.2703 8.30991 7.24138 6.29778 1.03919
threshold=935.04000000000008 878.00000000000011 0.0031742673500000005 737.50000000000011 504.99500000000006 558.75000000000011
decision_type=2 2 2 2 2 2
left_child=3 2 -2 5 -3 -1
right_child=1 4 -4 -5 -6 -7
leaf_value=-0.04716679423769285 0.0321692972901216 0.047974469045900164 -0.014307846408553759 -0.0062309887200719481 0.086261424226078284 -0.018609327941735067
leaf_weight=84.121310278773308 16.649348892271519 37.852456551045179 18.129386581480503 14.290161315351723 26.043603383004665 6.9886381775140753
leaf_count=2462 271 345 279 323 158 157
internal_value=0.00151434 0.0461179 0.00848121 -0.0403244 0.0657244 -0.0454231
internal_weight=204.075 98.6748 34.7787 105.4 63.8961 91.1099
internal_count=3995 1053 550 2942 503 2619
is_linear=0
shrinkage=0.05


Tree=12
num_leaves=8
num_cat=0
split_feature=7 55 6 21 33 107 7
split_gain=142.688 19.101 17.7236 10.1646 9.47372 7.43935 1.95071
threshold=2691.4450000000002 128.50000000000003 30611.380000000001 2110.5000000000005 458.50000000000006 2.5000000000000004 558.75000000000011
decision_type=2 2 2 2 2 2 2
left_child=1 6 4 5 -2 -3 -1
right_child=2 3 -4 -5 -6 -7 -8
leaf_value=-0.04762068307960262 0.010496733113655373 -0.037639733767135773 0.088252887652620002 0.034796955467687928 0.053812299194016228 0.006379760624257734 -0.018373175148170159
leaf_weight=72.074897851794958 23.21422915905714 18.432789389044046 25.244184367358685 10.552123356610535 29.144414320588112 17.160973530262709 9.891049996018408
leaf_count=2250 246 424 152 199 233 285 231
internal_value=0.00187256 -0.0304049 0.0545835 -0.00436313 0.0357003 -0.0172061 -0.044613
internal_weight=205.715 128.112 77.6028 46.1459 52.3586 35.5938 81.9659
internal_count=4020 3389 631 908 479 709 2481
is_linear=0
shrinkage=0.05


Tree=13
num_leaves=8
num_cat=0
split_feature=58 7 54 33 45 54 18
split_gain=129.457 17.8884 13.2754 8.04608 5.95174 2.04605 3.37795
threshold=84.500000000000014 10705.550000000001 406.50000000000006 515.50000000000011 8.5000000000000018 128.50000000000003 111.50731500000002
decision_type=2 2 2 2 2 2 2
left_child=2 3 5 -2 -4 -1 -7
right_child=1 -3 4 -5 -6 6 -8
leaf_value=-0.047871226829628112 0.0043506372859298441 0.072033804264315091 0.015823292373996527 0.044031240365692371 -0.026808274266468729 -0.039386149752464544 -0.00053388713804042429
leaf_weight=64.062427384778857 24.782107748091221 37.476262018084526 16.161446545273069 25.480267904698849 12.952310441061853 14.181722920387985 8.6356739439070207
leaf_count=2050 326 209 325 249 221 404 197
internal_value=0.00122081 0.0464698 -0.0332135 0.0253817 -0.003647 -0.0428163 -0.0259098
internal_weight=203.732 87.7386 115.994 50.2624 29.1138 86.8798 22.8174
internal_count=3981 784 3197 575 546 2651 601
is_linear=0
shrinkage=0.05


Tree=14
num_leaves=7
num_cat=0
split_feature=0 9 46 45 59 20
split_gain=126.513 20.1451 10.6993 9.19156 2.6683 1.62237
threshold=15.500000000000002 3923.6250000000005 15739.730000000001 7.5000000000000009 35.500000000000007 143.71666500000003
decision_type=2 2 2 2 2 2
left_child=3 2 4 5 -2 -1
right_child=1 -3 -4 -5 -6 -7
leaf_value=-0.044738824066582861 -0.014718022454245675 0.070022268658398681 0.042776512319279009 -0.004889646565285532 0.014456517371040903 -0.014651013566294764
leaf_weight=77.584892315790057 13.58167643658817 39.250702492892742 29.24327414855361 20.635755926370621 13.768678143620489 7.3732485715299836
leaf_count=2519 239 217 287 396 168 178
internal_value=0.00204009 0.0431663 0.0227859 -0.0353974 -4.67216e-05 -0.0425246
internal_weight=201.438 95.8443 56.5936 105.594 27.3504 84.9581
internal_count=4004 911 694 3093 407 2697
is_linear=0
shrinkage=0.05


Tree=15
num_leaves=10
num_cat=0
split_feature=12 58 100 6 118 19 115 57 13
split_gain=96.1483 13.1318 8.17033 6.41668 10.2799 6.04214 3.15985 0.770044 0.406931
threshold=18.500000000000004 84.500000000000014 1.5000000000000002 30611.380000000001 0.0023712017500000003 132.91795000000005 0.079147725000000016 40.500000000000007 4.5000000000000009
decision_type=2 2 2 2 2 2 2 2 2
left_child=2 5 8 4 -3 -2 -4 -8 -1
right_child=1 3 6 -5 -6 -7 7 -9 -10
leaf_value=-0.047476743189846161 -0.0219942865622916 0.050248527954095928 0.0042677696012295525 0.062218444490232998 0.0065169356775663699 0.023955512179002596 -0.036883990431008547 -0.011357906853400587 -0.020883182532498261
leaf_weight=60.241874948143959 12.692791843786837 27.631882429122925 13.805970516055824 26.70069432258606 25.8378796428442 11.944319445639847 8.1007780339568836 7.7940242439508429 6.1150094065815201
leaf_count=2104 262 246 302 137 227 149 227 176 167
internal_value=-0.000364156 0.03246 -0.0361099 0.04206 0.0301133 0.000408672 -0.0131334 -0.0270356 -0.0457088
internal_weight=200.865 104.808 96.0577 80.1705 53.4698 24.6371 29.7008 15.8948 66.3569
internal_count=3997 1021 2976 610 473 411 705 403 2271
is_linear=0
shrinkage=0.05


Tree=16
num_leaves=8
num_cat=0
split_feature=12 59 56 118 21 10 6
split_gain=99.9028 16.1378 8.51139 5.52786 4.55515 4.41546 0.716854
threshold=18.500000000000004 38.500000000000007 90.500000000000014 0.0032532137000000007 1548.5000000000002 69.945000000000007 786.06500000000017
decision_type=2 2 2 2 2 2 2
left_child=2 3 6 -2 -3 -4 -1
right_child=1 4 5 -5 -6 -7 -8
leaf_value=-0.046497325518709332 0.022187956684776092 0.026967108901355397 -0.028420052907145017 -0.020755834975852889 0.055210146008245524 0.012710161762149237 -0.023228203914569576
leaf_weight=59.133622279390693 12.989550990983846 28.575543008744717 10.713410591706635 12.987624574452637 51.568007633090019 11.68086877837777 10.250118916854261
leaf_count=2169 202 220 268 206 372 219 280
internal_value=0.00244629 0.0351786 -0.0353444 0.000768728 0.0460417 -0.00768335 -0.0438069
internal_weight=197.899 106.121 91.778 25.9772 80.1436 22.3943 69.3837
internal_count=3936 1000 2936 408 592 487 2449
is_linear=0
shrinkage=0.05


Tree=17
num_leaves=9
num_cat=0
split_feature=9 0 54 18 46 21 9 18
split_gain=87.114 12.9172 10.2377 7.84317 5.99121 3.95811 1.06205 2.29534
threshold=572.25000000000011 88.500000000000014 125.50000000000001 98.986250000000013 13427.695500000002 1868.5000000000002 98.15000000000002 37.033077000000013
decision_type=2 2 2 2 2 2 2 2
left_child=2 4 -1 6 -2 -5 7 -4
right_child=1 -3 3 5 -6 -7 -8 -9
leaf_value=-0.048598128282361951 0.00054852582258754854 0.061730639706469359 -0.034634185529808632 -0.01195513375354039 0.030603666413549471 0.029607345241860841 -0.040988412116249567 0.0025810517986998385
leaf_weight=52.359383342787623 25.358431838452816 25.39193058013916 6.9394605252891797 10.342522567138078 46.312868904322386 8.9454669784754497 15.105339974164961 7.2419724520295858
leaf_count=1998 320 133 219 239 354 184 319 216
internal_value=-0.00133828 0.0321459 -0.0335373 -0.0160232 0.0202733 0.00829152 -0.031543 -0.0176596
internal_weight=197.997 97.0632 100.934 48.5748 71.6713 19.288 29.2868 14.1814
internal_count=3982 807 3175 1177 674 423 754 435
is_linear=0
shrinkage=0.05


Tree=18
num_leaves=8
num_cat=0
split_feature=0 129 54 52 114 49 45
split_gain=90.0456 11.5074 6.47692 6.04336 4.29709 7.31187 4.18982
threshold=16.500000000000004 42.500000000000007 128.50000000000003 1.5000000000000002 0.050004754000000005 541.92265000000009 1.5000000000000002
decision_type=2 2 2 2 2 2 2
left_child=2 3 -1 -2 5 6 -4
right_child=1 -3 4 -5 -6 -7 -8
leaf_value=-0.04751271836596796 0.019902754706421964 0.0066318644031894795 0.0053226040026041858 0.053343335227267454 -0.040837292423307095 0.02681367477424448 -0.038750926404567898
leaf_weight=50.977104384452105 23.682980539277196 32.948871433734894 7.6811249330639901 45.740350980311632 14.104634108021854 8.6550756674259883 13.204892009496687
leaf_count=2043 273 267 242 350 293 176 357
internal_value=-0.00068927 0.0315177 -0.035465 0.0428122 -0.0199283 -0.00798873 -0.0234936
internal_weight=196.995 102.372 94.6228 69.4233 43.6457 29.5411 20.886
internal_count=4001 890 3111 623 1068 775 599
is_linear=0
shrinkage=0.05


Tree=19
num_leaves=7
num_cat=0
split_feature=8 86 58 34 59 55
split_gain=80.2982 13.2093 10.1424 9.63902 3.04437 2.63955
threshold=621.4000000000002 23.500000000000004 88.500000000000014 325.50000000000006 7.5000000000000009 166.50000000000003
decision_type=2 2 2 2 2 2
left_child=1 4 -2 -4 -1 -6
right_child=2 -3 3 -5 5 -7
leaf_value=-0.047784537705627073 -0.00027801148492616763 0.016562026161264683 0.050738955825920841 0.015373431421044199 0.001728764730557305 -0.033173131654034925
leaf_weight=55.076666945591569 22.878826629370451 10.24439938738942 50.427145980298519 34.220938347280025 7.410315893590453 16.381645943969488
leaf_count=2241 350 195 394 194 244 401
internal_value=0.000462765 -0.0342223 0.0293081 0.0371265 -0.0410653 -0.0230114
internal_weight=196.64 89.113 107.527 84.6481 78.8686 23.792
internal_count=4019 3081 938 588 2886 645
is_linear=0
shrinkage=0.05


Tree=20
num_leaves=9
num_cat=0
split_feature=8 15 84 132 47 29 6 7
split_gain=70.7658 13.5137 7.77183 6.76755 8.42528 2.76653 1.55723 0.641267
threshold=621.4000000000002 29.500000000000004 6.5000000000000009 47.500000000000007 6839.4900000000007 3.5000000000000004 716.34500000000014 667.7700000000001
decision_type=2 2 2 2 2 2 2 2
left_child=2 3 5 4 -2 -1 -7 -8
right_child=1 -3 -4 -5 -6 6 7 -9
leaf_value=-0.0025379865345005245 0.0031211503839913314 0.050051554111683154 0.0050122730519200978 -0.0097483393631449602 0.043143693117625365 -0.04592219729634936 -0.0082112253013666026 -0.031207865555565685
leaf_weight=5.1204969976097336 27.158969884738326 37.895002223551273 11.011321898549793 21.347912905737758 24.122110199183226 54.509127978235483 7.2667676564306003 7.5575529001653194
leaf_count=136 335 198 235 219 183 2303 237 172
internal_value=0.000328181 0.0265474 -0.0334103 0.0132711 0.0228602 -0.0390753 -0.0416268 -0.0222513
internal_weight=195.989 110.524 85.4653 72.629 51.2811 74.4539 69.3334 14.8243
internal_count=4018 935 3083 737 518 2848 2712 409
is_linear=0
shrinkage=0.05


Tree=21
num_leaves=8
num_cat=0
split_feature=55 11 54 20 40 107 0
split_gain=54.3387 13.4459 10.3472 9.91483 6.68101 4.64477 2.25588
threshold=832.50000000000011 783.35000000000014 125.50000000000001 137.56666500000003 5.5000000000000009 2.5000000000000004 13.500000000000002
decision_type=2 2 2 2 2 2 2
left_child=2 3 -1 -2 -4 6 -6
right_child=1 -3 4 -5 5 -7 -8
leaf_value=-0.045884195846775826 -0.0077247137279085991 0.052320588168958876 0.021545601031201081 0.03201186209191955 -0.043775230234371604 0.00082468634053492896 -0.014391485963074772
leaf_weight=45.251444382593036 32.899025859311223 27.624617859721184 9.538781298324464 26.994348496198654 16.725434513762597 16.027438074350357 14.422501765191553
leaf_count=2029 319 137 280 187 504 254 235
internal_value=-0.00392784 0.0246716 -0.0284774 0.0106405 -0.0134989 -0.0211729 -0.0318588
internal_weight=189.484 87.518 101.966 59.8934 56.7142 47.1754 31.1479
internal_count=3945 643 3302 506 1273 993 739
is_linear=0
shrinkage=0.05


Tree=22
num_leaves=10
num_cat=0
split_feature=8 15 19 31 32 82 18 59 34
split_gain=58.776 17.7095 7.48178 5.5705 4.71898 3.80283 1.04167 1.69549 0.037375
threshold=319.79500000000002 29.500000000000004 113.16050000000001 2379.5000000000005 701.50000000000011 26.500000000000004 65.374387500000026 2.5000000000000004 63.500000000000007
decision_type=2 2 2 2 2 2 2 2 2
left_child=5 2 -2 4 -4 6 8 -8 -1
right_child=1 -3 3 -5 -6 -7 7 -9 -10
leaf_value=-0.047405355048832608 -0.014996961160928857 0.047422783343798056 0.010068640503643565 -0.00043837346592757342 0.047948677329771823 0.0026816984509588767 -0.041047234683490474 -0.010207020152928041 -0.020358388970723909
leaf_weight=38.631620993837714 25.263841999694705 38.4009566642344 17.882548769935966 27.50815512239933 15.719045417383311 5.2946310825645915 8.0400169510394353 11.310392661020158 4.4660411868244401
leaf_count=1800 385 202 277 211 156 119 355 371 147
internal_value=-0.000217443 0.0200664 0.00710602 0.0164295 0.0294873 -0.0370821 -0.0404321 -0.0256658 -0.0456297
internal_weight=192.517 124.775 86.3736 61.1097 33.6016 67.7427 62.4481 19.3504 43.0977
internal_count=4023 1231 1029 644 433 2792 2673 726 1947
is_linear=0
shrinkage=0.05


Tree=23
num_leaves=8
num_cat=0
split_feature=58 7 132 118 54 37 44
split_gain=56.7444 12.9253 8.42799 7.06277 5.31135 3.15272 2.32348
threshold=40.500000000000007 9399.2950000000019 43.500000000000007 0.0023712017500000003 125.50000000000001 2.5000000000000004 12.500000000000002
decision_type=2 2 2 2 2 2 2
left_child=4 2 3 -2 -1 -6 -7
right_child=1 -3 -4 -5 5 6 -8
leaf_value=-0.047642787164023905 0.032761704927509613 0.0387526535960592 -0.020426318147014167 -0.0038263891446390277 0.0077018868386393964 -0.04275977178818275 -0.0053316365226020674
leaf_weight=41.828247129917145 27.383640345185995 50.036869779229164 20.044066820293665 23.247304817661643 8.0977025516331214 9.1129253730177897 7.644443640485405
leaf_count=2040 362 250 261 285 259 285 196
internal_value=-0.000552261 0.0198216 0.00572099 0.0164552 -0.0369367 -0.0167132 -0.0280747
internal_weight=187.395 120.712 70.675 50.6309 66.6833 24.8551 16.7574
internal_count=3938 1158 908 647 2780 740 481
is_linear=0
shrinkage=0.05


Tree=24
num_leaves=9
num_cat=0
split_feature=7 62 24 52 61 118 18 55
split_gain=42.5757 10.9671 10.378 5.55507 3.15813 2.66341 0.779942 1.28523
threshold=558.75000000000011 35.500000000000007 2071.5000000000005 4.5000000000000009 14.500000000000002 0.0031400696500000001 86.474000000000018 86.500000000000014
decision_type=2 2 2 2 2 2 2 2
left_child=4 2 3 5 6 -2 -1 -8
right_child=1 -3 -4 -5 -6 -7 7 -9
leaf_value=-0.044442816273304653 -0.0053622005765175326 0.044882842781013864 0.028715809853805199 0.0089201171322451228 0.0019607489984420322 -0.032515026018690829 -0.033936526313075664 -0.0016387153728334544
leaf_weight=43.110819231718779 21.320338260382414 20.42988733574748 33.108621729537845 38.32353762164712 4.5161264166235915 15.018232529982923 6.8605193793773633 5.0467716902494431
leaf_count=2091 324 106 329 292 108 240 328 157
internal_value=-0.00320518 0.0130275 0.00628097 -0.00415728 -0.0374477 -0.0176949 -0.0406379 -0.0224517
internal_weight=187.735 128.201 107.771 74.6621 59.5342 36.3386 55.0181 11.9073
internal_count=3975 1291 1185 856 2684 564 2576 485
is_linear=0
shrinkage=0.05


Tree=25
num_leaves=8
num_cat=0
split_feature=56 27 54 37 46 51 78
split_gain=42.5516 9.26377 8.26639 8.1377 5.58384 5.29117 0.233754
threshold=211.50000000000003 670.50000000000011 128.50000000000003 2.5000000000000004 22779.191000000003 2.5000000000000004 17.500000000000004
decision_type=2 2 2 2 2 2 2
left_child=2 -2 6 -4 -3 -5 -1
right_child=1 4 3 5 -6 -7 -8
leaf_value=-0.046965329836086922 -0.0089266591145418708 0.0094018616222530035 0.020453707874225568 -0.042424415370897757 0.036260075135073649 -0.00011060203217863039 -0.017704400805209859
leaf_weight=35.37217471562326 23.136605732142925 33.411000419408083 11.716659136116503 17.147103324532512 50.78204526565969 12.046796930953859 4.0265252497047177
leaf_count=1892 256 363 326 432 297 251 181
internal_value=-0.00196568 0.0184984 -0.0290999 -0.0124282 0.0260672 -0.0260903 -0.0449747
internal_weight=187.639 107.33 80.3093 40.9106 84.193 29.1939 39.3987
internal_count=3998 916 3082 1009 660 683 2073
is_linear=0
shrinkage=0.05


Tree=26
num_leaves=11
num_cat=0
split_feature=58 68 117 54 24 36 34 48 114 78
split_gain=54.6416 9.70513 9.17445 8.52748 6.92476 3.08782 2.81307 2.45308 0.779928 0.333642
threshold=84.500000000000014 28.500000000000004 0.0043159497500000008 128.50000000000003 2136.5000000000005 50.500000000000007 46.500000000000007 375.48182000000003 0.054095127000000007 17.500000000000004
decision_type=2 2 2 2 2 2 2 2 2 2
left_child=3 2 -2 9 6 -4 7 -5 -8 -1
right_child=1 -3 5 4 -6 -7 8 -9 -10 -11
leaf_value=-0.046785834081771401 0.03964469733823283 0.051141809415210154 0.015109872878853332 -0.020413168118620692 0.023337485227005517 -0.0083830066277888037 -0.041873576658234241 0.014795638122520861 -0.016166720780903615 -0.016281776266683732
leaf_weight=34.204074427485466 25.48663192987442 26.545292068272829 26.772639447823167 9.2090266812592763 9.0631902255117875 25.408005494624376 11.825404439121487 6.9855289235711089 8.7355421762913448 3.7860372252762309
leaf_count=1915 214 145 252 310 179 171 283 200 175 174
internal_value=0.00198055 0.0259343 0.0162512 -0.0277151 -0.0123415 0.00378344 -0.0218896 -0.00526889 -0.0333531 -0.0447122
internal_weight=188.021 104.213 77.6673 83.8088 45.8187 52.1806 36.7555 16.1946 20.5609 37.9901
internal_count=4018 782 637 3236 1147 423 968 510 458 2089
is_linear=0
shrinkage=0.05


Tree=27
num_leaves=10
num_cat=0
split_feature=0 0 0 54 14 132 46 101 82
split_gain=49.8804 10.5534 7.17728 5.45247 5.33427 3.84995 3.48058 5.25036 0.440415
threshold=14.500000000000002 88.500000000000014 27.500000000000004 128.50000000000003 26.500000000000004 53.500000000000007 1669.9488000000003 1.5000000000000002 16.500000000000004
decision_type=2 2 2 2 2 2 2 2 2
left_child=3 2 -2 8 -4 6 -5 -8 -1
right_child=1 -3 4 5 -6 -7 7 -9 -10
leaf_value=-0.046259331691009237 0.033290985731274092 0.047891424652484867 -0.011643738118660273 0.020357014450757799 0.017494840374836725 -0.039807225353948428 -0.038888895376731097 0.0092108836013939759 -0.014510156265960979
leaf_weight=30.815863732248545 27.864909652620554 28.871757011860609 29.333755223080516 7.7730750516057041 29.579560216516256 9.3771569821983558 9.5190012436360139 9.9648774005472642 3.5258331205695859
leaf_count=1839 377 145 288 285 167 242 276 190 179
internal_value=0.00249406 0.0226125 0.0133126 -0.0300088 0.0030804 -0.0153154 -0.00474429 -0.0157213 -0.0439776
internal_weight=186.626 115.65 86.7782 70.9758 58.9133 36.6341 27.257 19.4839 34.3417
internal_count=3988 977 832 3011 455 993 751 466 2018
is_linear=0
shrinkage=0.05


Tree=28
num_leaves=8
num_cat=0
split_feature=0 32 132 80 118 106 116
split_gain=39.3336 8.17195 7.77768 8.46029 5.16639 1.61584 0.982118
threshold=18.500000000000004 431.50000000000006 43.500000000000007 6.5000000000000009 0.00097590615000000007 3.5000000000000004 0.00042103598000000009
decision_type=2 2 2 2 2 2 2
left_child=1 5 3 -2 6 -1 -3
right_child=2 4 -4 -5 -6 -7 -8
leaf_value=-0.043784496188287891 0.0051720251435248832 -0.0085076573518128498 0.00057770177228503423 0.0410502538363463 0.011116487655086391 -0.008728459143388911 -0.03532788835354455
leaf_weight=39.073421828448772 25.887236738577485 7.163261346518996 37.052505614235997 46.258383102715015 17.204240428283811 4.812749318778514 9.5335472766309959
leaf_count=2149 259 251 278 303 377 117 245
internal_value=9.54525e-05 -0.0266932 0.0193152 0.0286632 -0.00757443 -0.0404881 -0.0259624
internal_weight=186.985 77.7872 109.198 72.1456 33.901 43.8862 16.6968
internal_count=3979 3139 840 562 873 2266 496
is_linear=0
shrinkage=0.05


Tree=29
num_leaves=8
num_cat=0
split_feature=54 15 129 116 13 19 59
split_gain=39.0735 11.5227 9.34814 7.01671 4.13086 2.32826 3.35021
threshold=424.00000000000006 29.500000000000004 42.500000000000007 0.0014875444000000003 20.500000000000004 85.558682000000019 7.5000000000000009
decision_type=2 2 2 2 2 2 2
left_child=5 2 3 -2 -5 -1 -7
right_child=1 -3 -4 4 -6 6 -8
leaf_value=-0.043366393887120193 0.035985240656633555 0.035805979915525414 -0.023381654052828504 -0.014981038176674717 0.013386163735245392 -0.03345123982898373 0.010303195884131252
leaf_weight=37.671426025219262 20.247063998132944 38.464033301919699 22.056247685104609 19.451177092269063 30.010055065155029 9.0123667186126095 6.0136221498250952
leaf_count=2200 269 191 284 332 220 348 165
internal_value=-0.00114717 0.013568 0.0036818 0.0126582 0.00208178 -0.0366785 -0.0167868
internal_weight=182.926 130.229 91.7645 69.7083 49.4612 52.6974 15.026
internal_count=4009 1296 1105 821 552 2713 513
is_linear=0
shrinkage=0.05


Tree=30
num_leaves=8
num_cat=0
split_feature=55 11 24 102 58 20 57
split_gain=39.7033 10.5046 9.09026 7.03959 5.6797 3.22261 2.01909
threshold=280.50000000000006 783.35000000000014 2096.5000000000005 7.5000000000000009 102.50000000000001 293.56010000000009 40.500000000000007
decision_type=2 2 2 2 2 2 2
left_child=5 2 3 4 -2 6 -1
right_child=1 -3 -4 -5 -6 -7 -8
leaf_value=-0.041875854312017471 0.008281326545142716 0.038523910828539662 0.032149283646293353 0.019362546695430097 -0.025742272377655209 0.0031619148668066152 -0.012943563202850545
leaf_weight=46.122253601439297 18.112369000911713 31.426835101097822 22.299827562645078 21.888451823964715 31.507796538993716 4.9834128795191637 9.5069841211661679
leaf_count=2520 361 150 203 153 281 81 287
internal_value=-0.00163182 0.0144259 0.00571717 -0.00317607 -0.0134833 -0.0342107 -0.0375522
internal_weight=185.848 125.235 93.8084 71.5086 49.6202 60.6127 55.6292
internal_count=4036 1148 998 795 642 2888 2807
is_linear=0
shrinkage=0.05


Tree=31
num_leaves=10
num_cat=0
split_feature=94 24 11 102 68 60 30 30 39
split_gain=36.8469 18.2169 13.3599 6.51967 4.66823 5.15924 2.36953 1.9143 1.59116
threshold=10.500000000000002 2096.5000000000005 914.92500000000007 7.5000000000000009 1.5000000000000002 34.500000000000007 1167.5000000000002 1727.5000000000002 44.500000000000007
decision_type=2 2 2 2 2 2 2 2 2
left_child=6 2 3 4 8 -6 -1 -8 -2
right_child=1 -3 -4 -5 5 -7 7 -9 -10
leaf_value=-0.04641798504138378 -0.014738589766449112 0.042638327025528604 0.038095857858600111 0.015630002272776645 0.014309436604515944 -0.02058878930798692 0.0027688370395943357 -0.031612532967748817 -0.046157596676484586
leaf_weight=29.382551855407655 9.9993255948647874 36.716031329706311 18.671748980879784 21.729423535987735 17.881316097453237 20.811729395762086 6.3394005578011257 7.9130478128790855 10.475423853844402
leaf_count=1828 308 327 85 157 286 188 303 311 204
internal_value=0.000683381 0.0135324 0.00217128 -0.00683947 -0.0153326 -0.00455054 -0.038282 -0.0178611 -0.0334904
internal_weight=179.92 136.285 99.569 80.8972 59.1678 38.693 43.635 14.2524 20.4747
internal_count=3997 1555 1228 1143 986 474 2442 614 512
is_linear=0
shrinkage=0.05


Tree=32
num_leaves=9
num_cat=0
split_feature=54 24 42 46 27 50 56 87
split_gain=37.4387 9.32165 5.64053 11.0035 6.02565 2.88258 1.40763 0.0245927
threshold=406.50000000000006 1136.5000000000002 282.50000000000006 20444.310500000003 1101.5000000000002 11.500000000000002 112.50000000000001 7.5000000000000009
decision_type=2 2 2 2 2 2 2 2
left_child=5 -2 3 4 -3 6 7 -1
right_child=1 2 -4 -5 -6 -7 -8 -9
leaf_value=-0.044163085527698258 -0.012002551908479349 -0.0019803629406556079 0.0084043500935138318 0.059642137167701337 0.037431133267946733 0.0010754047638290944 -0.0055917478982474324 -0.018289416172563192
leaf_weight=34.770041526295245 24.193380996584892 23.064292604103684 48.207724913954735 20.566657217219472 14.503029368817804 4.6543813422322264 3.4664028584957114 4.094540254212915
leaf_count=2220 295 384 296 153 165 198 114 161
internal_value=0.0014641 0.0152532 0.0215612 0.0318292 0.0143576 -0.0359037 -0.0398347 -0.0424657
internal_weight=177.52 130.535 106.342 58.134 37.5673 46.9854 42.331 38.8646
internal_count=3986 1293 998 702 549 2693 2495 2381
is_linear=0
shrinkage=0.05


Tree=33
num_leaves=8
num_cat=0
split_feature=55 0 21 128 4 6 108
split_gain=33.5038 7.88567 4.50725 4.43617 4.84351 2.46298 2.38625
threshold=128.50000000000003 16.500000000000004 2081.5000000000005 42.500000000000007 4.5000000000000009 1964.2400000000002 1.5000000000000002
decision_type=2 2 2 2 2 2 2
left_child=5 2 6 4 -3 -1 -2
right_child=1 3 -4 -5 -6 -7 -8
leaf_value=-0.045240681870429456 -0.035171683129479638 0.03857113628102353 0.016932978281300994 0.0011781223114708873 0.012131343088012973 -0.010275203573381245 -0.0026381539282410008
leaf_weight=34.176405975595117 12.725848683156078 29.730752449482679 8.633691191673277 31.914691735059023 44.470279209315777 7.4697413938119999 9.6950040291994792
leaf_count=2354 378 280 167 229 252 186 185
internal_value=-0.00152133 0.0104826 -0.0111551 0.0169041 0.0234595 -0.0397274 -0.022472
internal_weight=178.816 137.17 31.0545 106.116 74.201 41.6461 22.4209
internal_count=4031 1491 730 761 532 2540 563
is_linear=0
shrinkage=0.05


Tree=34
num_leaves=10
num_cat=0
split_feature=94 7 24 108 34 124 141 21 117
split_gain=31.1794 9.54178 7.55045 5.55661 4.16694 3.61436 2.01002 0.359238 0.191197
threshold=10.500000000000002 14061.845000000001 2096.5000000000005 1.5000000000000002 255.00000000000003 1.5000000000000002 2.5000000000000004 443.00000000000006 0.0053315188500000004
decision_type=2 2 2 2 2 2 2 2 2
left_child=6 2 3 5 -5 8 7 -1 -2
right_child=1 -3 -4 4 -6 -7 -8 -9 -10
leaf_value=-0.012573587364910835 -0.040614779684629107 0.033095145080757248 0.026663265319786435 0.020061297361356048 -0.0093786054434494715 0.001178028622895707 -0.0026466519045371031 -0.042387391499285013 -0.019044743827972287
leaf_weight=3.2029311526566735 9.1786091839894706 38.537454821169376 25.483347494155169 24.963716117665172 20.053069334477186 12.166756661608813 4.195521628484129 31.94216328766197 8.3228222066536528
leaf_count=217 202 176 273 309 139 224 238 1994 226
internal_value=0.00141091 0.0126119 0.00423783 -0.00390981 0.00710597 -0.0200177 -0.0367807 -0.0404936 -0.0333623
internal_weight=178.046 138.706 100.168 74.685 45.0168 29.6682 39.3406 35.1451 17.5014
internal_count=3998 1549 1373 1100 448 652 2449 2211 428
is_linear=0
shrinkage=0.05


Tree=35
num_leaves=10
num_cat=0
split_feature=54 7 69 0 47 30 37 6 43
split_gain=26.3125 6.94402 4.46799 7.05779 8.87887 3.79685 4.87853 5.14827 2.19602
threshold=684.00000000000011 16403.200000000004 4.5000000000000009 41.500000000000007 3111.8377500000001 1089.5000000000002 2.5000000000000004 786.06500000000017 23.500000000000004
decision_type=2 2 2 2 2 2 2 2 2
left_child=5 2 3 4 -2 -1 7 -7 -8
right_child=1 -3 -4 -5 -6 6 8 -9 -10
leaf_value=-0.043237528287472661 -0.022110484920212239 0.029968756949686211 0.018139025967577608 -0.027985761665661996 0.02510682361481037 -0.019864235788875001 -0.040614220127398071 0.044477035942372581 -0.0068455230088718096
leaf_weight=24.160507662221789 13.8756031319499 36.379492588341236 34.843383505940437 18.399664338678122 25.103887589648366 4.5052378000691551 11.608948344364764 4.2473935475572944 8.9342512376606447
leaf_count=1800 259 162 251 129 290 290 480 135 230
internal_value=-0.000179157 0.0120753 0.00453053 -0.00406582 0.00804 -0.0290326 -0.0153031 0.013824 -0.0278384
internal_weight=182.058 128.602 92.2225 57.3792 38.9795 53.4563 29.2958 8.75263 20.5432
internal_count=4026 1091 929 678 549 2935 1135 425 710
is_linear=0
shrinkage=0.05


Tree=36
num_leaves=10
num_cat=0
split_feature=7 68 42 46 12 115 18 27 85
split_gain=22.8747 6.65676 8.41014 7.69008 5.9923 2.60175 2.33973 3.98228 0.718423
threshold=558.75000000000011 28.500000000000004 260.50000000000006 15330.525000000001 29.500000000000004 0.081388180000000018 98.986250000000013 670.50000000000011 2.5000000000000004
decision_type=2 2 2 2 2 2 2 2 2
left_child=6 2 3 4 5 -2 8 -8 -1
right_child=1 -3 -4 -5 -6 -7 7 -9 -10
leaf_value=-0.043508734178077935 -0.033536402900934854 0.028554439935154233 -0.015215146730441465 0.035058822895294245 0.017161657217349548 0.0011866158223671095 0.022623306865454561 -0.034693623102317724 -0.019063631488127161
leaf_weight=25.816460214555264 10.750878624618055 28.475370906293392 41.287411643192172 22.948046060279012 22.204208830371499 9.1216917987912876 4.1275718398392183 4.097876301035285 8.7581728948280197
leaf_count=1980 243 138 271 190 245 215 225 182 329
internal_value=-0.00223337 0.00794805 0.00200335 0.013064 2.18461e-05 -0.0189471 -0.0332205 -0.00713235 -0.0386976
internal_weight=177.588 134.788 106.312 65.0248 42.0768 19.8726 42.8001 8.22545 34.5746
internal_count=4018 1302 1164 893 703 458 2716 407 2309
is_linear=0
shrinkage=0.05


Tree=37
num_leaves=10
num_cat=0
split_feature=7 7 34 46 68 54 123 20 18
split_gain=29.49 8.30617 4.43178 9.33339 4.19285 4.64253 2.57102 2.8765 0.0772791
threshold=558.75000000000011 16403.200000000004 325.50000000000006 15739.730000000001 1.0000000180025095e-35 1451.0000000000002 2.5000000000000004 90.664445000000015 86.474000000000018
decision_type=2 2 2 2 2 2 2 2 2
left_child=6 2 3 4 -2 -6 7 8 -1
right_child=1 -3 -4 -5 5 -7 -8 -9 -10
leaf_value=-0.042842796806468117 -0.022473162346998296 0.036737402097543038 -0.011311201787743128 0.033431370534350489 0.026565309438888542 -0.01031988536002474 0.0066508954923705788 0.0054510977237015104 -0.020424466964264865
leaf_weight=28.893071964383125 14.102757555432616 30.490226227790117 22.738511584699154 30.665500365197659 15.366863882169129 15.179452881217001 3.2159440256655207 3.3150216089561573 6.2069620387628666
leaf_count=2064 319 141 145 252 270 140 161 142 356
internal_value=0.00290704 0.0147692 0.00734027 0.0131183 -0.00166807 0.00872806 -0.0327177 -0.0361795 -0.0401932
internal_weight=170.174 128.543 98.0531 75.3146 44.6491 30.5463 41.631 38.4151 35.1
internal_count=3990 1267 1126 981 729 410 2723 2562 2420
is_linear=0
shrinkage=0.05


Tree=38
num_leaves=8
num_cat=0
split_feature=7 62 24 134 52 31 139
split_gain=27.4076 8.03495 6.47412 6.60683 4.06875 1.56946 0.780015
threshold=558.75000000000011 20.500000000000004 1143.5000000000002 62.500000000000007 1.5000000000000002 1530.5000000000002 2.5000000000000004
decision_type=2 2 2 2 2 2 2
left_child=5 2 -2 4 -4 6 -1
right_child=1 -3 3 -5 -6 -7 -8
leaf_value=-0.043214489754765877 -0.023102095822666587 0.028164417229750729 0.00091767181291084888 -0.015558585761243852 0.0278634563092593 -0.010090873450893371 -0.0078230916397721804
leaf_weight=30.925595252774656 19.097641966305673 38.361356716603041 23.997718497179449 19.932286844588816 32.138206357136369 6.4204408749938002 2.6793331159278742
leaf_count=2313 241 209 385 207 252 201 194
internal_value=-0.00148818 0.0094681 0.00150702 0.00811893 0.0167722 -0.0367502 -0.0409907
internal_weight=173.553 133.527 95.1659 76.0682 56.1359 40.0254 33.6049
internal_count=4002 1294 1085 844 637 2708 2507
is_linear=0
shrinkage=0.05


Tree=39
num_leaves=8
num_cat=0
split_feature=6 37 62 45 127 115 127
split_gain=24.8734 9.18836 5.5857 7.03944 2.05254 4.40411 1.00535
threshold=2780.8050000000003 24.500000000000004 25.500000000000004 11.500000000000002 38.500000000000007 0.10533874500000001 34.500000000000007
decision_type=2 2 2 2 2 2 2
left_child=1 4 3 -2 5 6 -1
right_child=2 -3 -4 -5 -6 -7 -8
leaf_value=-0.0393640509694268 0.024865246388128107 0.018620881081224488 0.03009815310616706 -0.0043309949429485529 -0.041026105665769148 0.02597611155625261 -0.0041737871976809714
leaf_weight=6.5073223747313005 29.56324147619307 8.1967989737167937 31.158133823424578 58.340886246412992 36.260011502541602 3.2100338302552691 3.3487935587763786
leaf_count=406 364 127 150 388 2140 206 215
internal_value=-0.000448898 -0.0269082 0.0125678 0.00582278 -0.0349048 -0.0147265 -0.0301285
internal_weight=176.585 57.523 119.062 87.9041 49.3262 13.0661 9.85612
internal_count=3996 3094 902 752 2967 827 621
is_linear=0
shrinkage=0.05


Tree=40
num_leaves=8
num_cat=0
split_feature=54 24 134 48 30 65 78
split_gain=16.7367 10.3305 7.41496 11.3527 6.66887 5.7834 0.662469
threshold=128.50000000000003 1018.5000000000001 53.500000000000007 2458.0382000000004 2342.5000000000005 1.0000000180025095e-35 17.500000000000004
decision_type=2 2 2 2 2 2 2
left_child=6 -2 3 4 -3 -4 -1
right_child=1 2 5 -5 -6 -7 -8
leaf_value=-0.043732993764022052 -0.025922698714104492 0.024410669492916714 0.0090358529287571984 0.030655837537757698 -0.021182298694678647 -0.027613467639697666 -0.0093275269845822257
leaf_weight=19.908824413083497 22.656734270974994 10.158900938928126 21.559200409799814 55.748861721716821 21.861409873701632 18.149988584220409 2.8446956239640704
leaf_count=1888 389 295 362 398 355 128 185
internal_value=-0.00242625 0.00380586 0.00940832 0.0173969 -0.00613259 -0.0082364 -0.0405327
internal_weight=172.889 150.135 127.478 87.7692 32.0203 39.7092 22.7535
internal_count=4000 1927 1538 1048 650 490 2073
is_linear=0
shrinkage=0.05


end of trees

feature_importances:
Column_7=23
Column_54=17
Column_6=14
Column_58=12
Column_55=11
Column_0=10
Column_46=9
Column_18=8
Column_24=8
Column_118=7
Column_34=6
Column_37=6
Column_68=6
Column_8=5
Column_10=5
Column_11=5
Column_12=5
Column_15=5
Column_21=5
Column_32=5
Column_59=5
Column_19=4
Column_20=4
Column_30=4
Column_45=4
Column_52=4
Column_56=4
Column_108=4
Column_115=4
Column_132=4
Column_9=3
Column_13=3
Column_27=3
Column_57=3
Column_62=3
Column_78=3
Column_117=3
Column_14=2
Column_31=2
Column_33=2
Column_36=2
Column_42=2
Column_47=2
Column_48=2
Column_60=2
Column_82=2
Column_94=2
Column_102=2
Column_107=2
Column_114=2
Column_116=2
Column_127=2
Column_129=2
Column_134=2
Column_4=1
Column_29=1
Column_35=1
Column_39=1
Column_40=1
Column_43=1
Column_44=1
Column_49=1
Column_50=1
Column_51=1
Column_61=1
Column_65=1
Column_69=1
Column_71=1
Column_79=1
Column_80=1
Column_84=1
Column_85=1
Column_86=1
Column_87=1
Column_89=1
Column_99=1
Column_100=1
Column_101=1
Column_106=1
Column_123=1
Column_124=1
Column_128=1
Column_139=1
Column_141=1

parameters:
[boosting: gbdt]
[objective: binary]
[metric: auc,binary_logloss]
[tree_learner: serial]
[device_type: cpu]
[data_sample_strategy: bagging]
[data: ]
[valid: ]
[num_iterations: 2000]
[learning_rate: 0.05]
[num_leaves: 31]
[num_threads: -1]
[seed: 20260825]
[deterministic: 0]
[force_col_wise: 0]
[force_row_wise: 0]
[histogram_pool_size: -1]
[max_depth: -1]
[min_data_in_leaf: 200]
[min_sum_hessian_in_leaf: 0.001]
[bagging_fraction: 0.8]
[pos_bagging_fraction: 1]
[neg_bagging_fraction: 1]
[bagging_freq: 1]
[bagging_seed: 20260825]
[bagging_by_query: 0]
[feature_fraction: 0.8]
[feature_fraction_bynode: 1]
[feature_fraction_seed: 20260825]
[extra_trees: 0]
[extra_seed: 27901]
[early_stopping_round: 0]
[early_stopping_min_delta: 0]
[first_metric_only: 0]
[max_delta_step: 0]
[lambda_l1: 0]
[lambda_l2: 2]
[linear_lambda: 0]
[min_gain_to_split: 0]
[drop_rate: 0.1]
[max_drop: 50]
[skip_drop: 0.5]
[xgboost_dart_mode: 0]
[uniform_drop: 0]
[drop_seed: 29628]
[top_rate: 0.2]
[other_rate: 0.1]
[min_data_per_group: 100]
[max_cat_threshold: 32]
[cat_l2: 10]
[cat_smooth: 10]
[max_cat_to_onehot: 4]
[top_k: 20]
[monotone_constraints: ]
[monotone_constraints_method: basic]
[monotone_penalty: 0]
[feature_contri: ]
[forcedsplits_filename: ]
[refit_decay_rate: 0.9]
[cegb_tradeoff: 1]
[cegb_penalty_split: 0]
[cegb_penalty_feature_lazy: ]
[cegb_penalty_feature_coupled: ]
[path_smooth: 0]
[interaction_constraints: ]
[verbosity: -1]
[saved_feature_importance_type: 0]
[use_quantized_grad: 0]
[num_grad_quant_bins: 4]
[quant_train_renew_leaf: 0]
[stochastic_rounding: 1]
[linear_tree: 0]
[max_bin: 255]
[max_bin_by_feature: ]
[min_data_in_bin: 3]
[bin_construct_sample_cnt: 200000]
[data_random_seed: 4775]
[is_enable_sparse: 1]
[enable_bundle: 1]
[use_missing: 1]
[zero_as_missing: 0]
[feature_pre_filter: 1]
[pre_partition: 0]
[two_round: 0]
[header: 0]
[label_column: ]
[weight_column: ]
[group_column: ]
[ignore_column: ]
[categorical_feature: ]
[forcedbins_filename: ]
[precise_float_parser: 0]
[parser_config_file: ]
[objective_seed: 9445]
[num_class: 1]
[is_unbalance: 0]
[scale_pos_weight: 1]
[sigmoid: 1]
[boost_from_average: 1]
[reg_sqrt: 0]
[alpha: 0.9]
[fair_c: 1]
[poisson_max_delta_step: 0.7]
[tweedie_variance_power: 1.5]
[lambdarank_truncation_level: 30]
[lambdarank_norm: 1]
[label_gain: ]
[lambdarank_position_bias_regularization: 0]
[eval_at: ]
[multi_error_top_k: 1]
[auc_mu_weights: ]
[num_machines: 1]
[local_listen_port: 12400]
[time_out: 120]
[machine_list_filename: ]
[machines: ]
[gpu_platform_id: -1]
[gpu_device_id: -1]
[gpu_use_dp: 0]
[num_gpu: 1]

end of parameters

pandas_categorical:null
