tree
version=v4
num_class=1
num_tree_per_iteration=1
label_index=0
max_feature_idx=146
objective=binary sigmoid:1
feature_names=Column_0 Column_1 Column_2 Column_3 Column_4 Column_5 Column_6 Column_7 Column_8 Column_9 Column_10 Column_11 Column_12 Column_13 Column_14 Column_15 Column_16 Column_17 Column_18 Column_19 Column_20 Column_21 Column_22 Column_23 Column_24 Column_25 Column_26 Column_27 Column_28 Column_29 Column_30 Column_31 Column_32 Column_33 Column_34 Column_35 Column_36 Column_37 Column_38 Column_39 Column_40 Column_41 Column_42 Column_43 Column_44 Column_45 Column_46 Column_47 Column_48 Column_49 Column_50 Column_51 Column_52 Column_53 Column_54 Column_55 Column_56 Column_57 Column_58 Column_59 Column_60 Column_61 Column_62 Column_63 Column_64 Column_65 Column_66 Column_67 Column_68 Column_69 Column_70 Column_71 Column_72 Column_73 Column_74 Column_75 Column_76 Column_77 Column_78 Column_79 Column_80 Column_81 Column_82 Column_83 Column_84 Column_85 Column_86 Column_87 Column_88 Column_89 Column_90 Column_91 Column_92 Column_93 Column_94 Column_95 Column_96 Column_97 Column_98 Column_99 Column_100 Column_101 Column_102 Column_103 Column_104 Column_105 Column_106 Column_107 Column_108 Column_109 Column_110 Column_111 Column_112 Column_113 Column_114 Column_115 Column_116 Column_117 Column_118 Column_119 Column_120 Column_121 Column_122 Column_123 Column_124 Column_125 Column_126 Column_127 Column_128 Column_129 Column_130 Column_131 Column_132 Column_133 Column_134 Column_135 Column_136 Column_137 Column_138 Column_139 Column_140 Column_141 Column_142 Column_143 Column_144 Column_145 Column_146
feature_infos=[0:287] [0:162] [0:90] [0:60] [0:30] [0:7] [0:1300322] [0:834119.59999999998] [0:422534.78000000003] [0:349560.53000000003] [0:172582.60000000001] [0:77806.800000000003] [0:3806] [0:3806] [0:3383] [0:2272] [0:1390] [0:287] [0:17722] [0:25296.5] [0:9188.6149999999998] [0:2584] [0:2584] [0:2584] [2:2584] [1:2584] [0:2584] [0:2584] [0:2584] [0:2584] [0:33416] [0:16038] [0:8174] [0:4666] [0:3802] [0:2072] [0:1259] [0:455] [0:17323] [0:11328] [0:10277] [0:3145] [0:17125] [0:9533] [0:8618] [0:2722] [0:1133150.8] [0:645802.06000000006] [0:329430.56] [0:120811.875] [0:148021] [0:22552] [0:10215] [0:6965] [0:332836] [0:146372] [0:62822] [0:32059] [0:37332] [0:14626] [0:3129] [0:1149] [0:437] [0:186] [0:112] [0:60] [0:37128] [0:14500] [0:3063] [0:1131] [0:1391] [0:558] [0:287] [0:165] [0:30] [0:14] [0:7] [0:3] [0:30] [0:14] [0:7] [0:3] [0:30] [0:14] [0:7] [0:3] [0:30] [0:14] [0:7] [0:3] [0:30] [0:14] [0:7] [0:3] [0:30] [0:14] [0:7] [0:3] [0:30] [0:14] [0:7] [0:3] [0:30] [0:14] [0:7] [0:3] [0:30] [0:14] [0:7] [0:3] [0:30] [0:14] [0:7] [0:3] [0:1.8506787] [0:2] [0:0.46296295999999998] [0:1.1285547] [0:0.5] [0:721] [0:299] [0:1455154] [0:4939] [0:4] [0:3] [0:3] [0:3] [0:3] [0:3] [0:5] [0:5] [0:81] [0:81] [0:81] [0:88] [0:89] [0:91] [0:92] [0:99] [0:3] [0:3] [0:3] [0:3] [0:9] [0:9] [0:9] [0:9]
tree_sizes=1059 1211 1092 1192 1182 1095 1095 1203 993 1201 1097 1100 1092 1198 1192 1311 1259 1373 1305 1311 1101 1209 1189 1099 1194 1080 1078 1109 1040 1102 1203 1210 1192 1301 1099 1204 1293 1306 1199 1312 1403 1532 1415 1287 1506 1099 1084 1098 1179 1100 1535 1421 1420 1533 1424 1175 1424 1170 1429 1260 1606 1539 1293 1621 1518 1615 1278 1532 1497 1429

Tree=0
num_leaves=9
num_cat=0
split_feature=9 60 58 55 121 108 6 46
split_gain=721.37 117.644 63.1102 17.2279 9.99953 5.70985 0.622437 0.585208
threshold=1630.7500000000002 74.500000000000014 137.50000000000003 128.50000000000003 8751.5450000000001 1.5000000000000002 1964.2400000000002 1998.6275000000003
decision_type=2 2 2 2 2 2 2 2
left_child=2 -2 3 6 5 7 -1 -5
right_child=1 -3 -4 4 -6 -7 -8 -9
leaf_value=-2.8368014611941756 -2.7257359799079088 -2.5859403251576043 -2.767097737794352 -2.81779220006797 -2.7863187879338067 -2.8051394446299294 -2.8207393174852209 -2.8333709842881794
leaf_weight=132.22745820879936 14.405267804861071 10.857701852917669 14.082761809229849 10.320191860198976 8.0626498907804471 12.36272983253002 8.7614128813147527 16.232801780104637
leaf_count=2460 268 202 262 192 150 230 163 302
internal_value=-2.80688 -2.65899 -2.82607 -2.83075 -2.81434 -2.82087 -2.83602 -2.82851
internal_weight=227.313 25.263 202.05 187.967 46.9784 38.9157 140.989 26.553
internal_count=4229 470 3759 3497 874 724 2623 494
is_linear=0
shrinkage=1


Tree=1
num_leaves=10
num_cat=0
split_feature=7 58 14 49 55 20 115 69 13
split_gain=633.352 93.0982 74.6243 29.4497 8.92995 3.31901 2.61077 0.0477421 0.0387979
threshold=5941.3750000000009 81.500000000000014 26.500000000000004 2149.8665000000005 128.50000000000003 129.70000000000002 0.04565726400000001 1.0000000180025095e-35 6.5000000000000009
decision_type=2 2 2 2 2 2 2 2 2
left_child=1 4 -2 -3 8 6 -6 -8 -1
right_child=2 3 -4 -5 5 -7 7 -9 -10
leaf_value=-0.030683846508972049 0.067192043842326188 0.0023909488535064269 0.18985362729459501 0.063379984500160594 -0.00013315106563831629 0.0030171702758983324 -0.026284218552282208 -0.012425569127445591 -0.017794630906146108
leaf_weight=126.12381578981876 9.4543705284595507 16.131018772721294 13.536582686007021 12.709960222244261 8.0570261925458926 8.0934888422489148 12.951377287507059 9.1549995318055135 10.92726833745837
leaf_count=2410 162 293 218 223 151 150 244 171 207
internal_value=-0.000843215 -0.0179608 0.144941 0.0309942 -0.0262299 -0.0122692 -0.0168174 -0.0219802 -0.0299012
internal_weight=227.14 204.149 22.991 28.841 175.308 38.2569 30.1634 22.1064 137.051
internal_count=4229 3849 380 516 3333 716 566 415 2617
is_linear=0
shrinkage=0.03


Tree=2
num_leaves=9
num_cat=0
split_feature=8 15 58 8 68 18 118 0
split_gain=551.565 93.6244 51.3316 17.5688 14.1749 5.09575 6.85236 1.91722
threshold=2181.7250000000004 12.500000000000002 123.50000000000001 6603.0800000000008 1.5000000000000002 52.405000000000008 0.0031400696500000001 14.500000000000002
decision_type=2 2 2 2 2 2 2 2
left_child=2 -2 4 -3 7 -6 -7 -1
right_child=1 3 -4 -5 5 6 -8 -9
leaf_value=-0.029877864257004921 0.027313885756533984 0.093151385443431184 0.029552780041026957 0.17222309581766129 -0.020337191512014789 0.021379740663123443 -0.013730611389289915 -0.011911936434979967
leaf_weight=138.74037380889058 9.8970465920865518 10.614701811224224 15.857190459966658 12.708347655832766 10.957930587232115 9.4710664749145526 8.2345001921057683 10.418394859880207
leaf_count=2713 165 161 276 175 208 178 155 198
internal_value=-0.00082773 0.110183 -0.0204136 0.142162 -0.0250935 -0.00492583 0.00438764 -0.0288106
internal_weight=226.9 33.2201 193.679 23.323 177.822 28.6635 17.7056 149.159
internal_count=4229 501 3728 336 3452 541 333 2911
is_linear=0
shrinkage=0.03


Tree=3
num_leaves=10
num_cat=0
split_feature=8 15 99 60 58 55 18 108 56
split_gain=485.888 75.7952 43.7018 14.2125 10.9175 10.7213 7.45245 5.98029 0.122774
threshold=1993.5500000000004 12.500000000000002 7.5000000000000009 79.500000000000014 137.50000000000003 128.50000000000003 65.374387500000026 1.0000000180025095e-35 49.500000000000007
decision_type=2 2 2 2 2 2 2 2 2
left_child=2 -2 5 -3 -4 8 -7 -8 -1
right_child=1 3 4 -5 -6 6 7 -9 -10
leaf_value=-0.030773238208182726 0.024446851913824431 0.082868666389070422 -0.0032612654932365689 0.14804432877478338 0.038580424927856842 -0.026863194882760476 -0.016770303643416612 0.01240621694549904 -0.017483932743186732
leaf_weight=119.13955735042691 10.972923245280979 12.668763421475889 9.0465389117598551 14.339520972222088 11.13732737675309 14.691563315689562 10.13252028822899 13.627113088965414 10.741270259022711
leaf_count=2397 180 178 169 172 188 282 195 254 214
internal_value=-0.000801243 0.0955933 -0.0207034 0.122058 0.01985 -0.025743 -0.0108173 0 -0.0299308
internal_weight=226.497 37.9812 188.516 27.0083 20.1839 168.332 38.4512 23.7596 129.881
internal_count=4229 530 3699 350 357 3342 731 449 2611
is_linear=0
shrinkage=0.03


Tree=4
num_leaves=10
num_cat=0
split_feature=8 60 99 122 121 8 55 18 68
split_gain=433.334 43.0605 42.1961 16.7911 12.7555 9.97841 3.2452 3.55645 3.08048
threshold=1993.5500000000004 79.500000000000014 7.5000000000000009 250.50000000000003 9497.6200000000008 711.40000000000009 128.50000000000003 65.374387500000026 1.0000000180025095e-35
decision_type=2 2 2 2 2 2 2 2 2
left_child=2 3 4 -2 6 -4 -1 -8 -9
right_child=1 -3 5 -5 -6 -7 7 8 -10
leaf_value=-0.030032237571814835 0.021951269048436854 0.12148251997592012 0 0.07793745699949238 0.0082555983418474976 0.040593290203977908 -0.028541393146799317 -0.020011562646051608 0.0024828866716677211
leaf_weight=123.41744258999825 10.929430752992632 18.09850225970149 11.391769051551821 11.907101340591906 8.4092052578926069 9.1465542949736101 13.76286770030856 8.1259357780218142 10.860432371497152
leaf_count=2550 167 201 203 162 159 154 271 160 202
internal_value=-0.000780291 0.086275 -0.0204719 0.0538171 -0.0255676 0.0189557 -0.0275253 -0.0170235 -0.00691352
internal_weight=226.049 40.935 185.114 22.8365 164.576 20.5383 156.167 32.7492 18.9864
internal_count=4229 530 3699 329 3342 357 3183 633 362
is_linear=0
shrinkage=0.03


Tree=5
num_leaves=9
num_cat=0
split_feature=7 46 58 33 58 54 33 36
split_gain=409.816 50.8619 33.6166 8.88777 4.70352 4.62394 2.68446 1.91792
threshold=3169.1550000000002 13427.695500000002 84.500000000000014 396.50000000000006 40.500000000000007 5858.0000000000009 251.50000000000003 22.500000000000004
decision_type=2 2 2 2 2 2 2 2
left_child=2 -2 4 -4 7 -3 -6 -1
right_child=1 5 3 -5 6 -7 -8 -9
leaf_value=-0.029633792081397662 0.025777255334599663 0.068497506883402712 -0.0078305021719786028 0.028540193239332611 0.0018205300261110958 0.11239977756584585 -0.019544347677680388 -0.0093878417341602509
leaf_weight=130.76902845129371 14.244881924241779 13.38207248598337 9.6498788781464118 12.142072606831787 7.5546150766313103 19.250335369259119 10.205498538911341 7.8374961093068114
leaf_count=2753 214 176 169 201 150 203 197 160
internal_value=-0.000952448 0.0769517 -0.0218495 0.0121395 -0.0267287 0.0974141 -0.0100442 -0.0286719
internal_weight=225.036 46.8773 178.159 21.792 156.367 32.6324 17.7601 138.607
internal_count=4223 593 3630 370 3260 379 347 2913
is_linear=0
shrinkage=0.03


Tree=6
num_leaves=9
num_cat=0
split_feature=8 12 58 63 55 108 12 54
split_gain=355.267 43.401 36.0401 20.7404 9.47538 4.38467 1.58847 0.0205408
threshold=1701.6000000000001 118.50000000000001 137.50000000000003 3.5000000000000004 128.50000000000003 1.5000000000000002 17.500000000000004 128.50000000000003
decision_type=2 2 2 2 2 2 2 2
left_child=2 3 4 -2 7 6 -6 -1
right_child=1 -3 -4 -5 5 -7 -8 -9
leaf_value=-0.030763313145026405 0.012039697977437484 0.10210173336894836 0.025103487280310356 0.065238140626110844 -0.022597980267033534 0.0017225937176712149 -0.0038875618777123797 -0.02071349424474286
leaf_weight=100.25050387531519 13.519997119903566 20.952285923063755 12.92588536813855 15.032866191118954 20.711691774427894 12.924490686506031 8.2130194716155511 19.895359266549349
leaf_count=2186 194 206 209 183 419 243 158 425
internal_value=-0.000924302 0.0691442 -0.0211203 0.0418156 -0.025032 -0.0117265 -0.018094 -0.0294077
internal_weight=224.426 49.5051 174.921 28.5529 161.995 41.8492 28.9247 120.146
internal_count=4223 583 3640 377 3431 820 577 2611
is_linear=0
shrinkage=0.03


Tree=7
num_leaves=10
num_cat=0
split_feature=7 55 58 7 33 54 107 40 86
split_gain=340.777 34.0737 31.6974 12.1465 8.00799 4.79866 2.15872 0.608022 1.0793
threshold=3169.1550000000002 832.50000000000011 84.500000000000014 10705.550000000001 396.50000000000006 128.50000000000003 2.5000000000000004 4.5000000000000009 19.500000000000004
decision_type=2 2 2 2 2 2 2 2 2
left_child=2 -2 5 -3 -4 -1 7 -7 -9
right_child=1 3 4 -5 -6 6 -8 8 -10
leaf_value=-0.03069428427058981 0.021422115744747165 0.053628516285899271 -0.0079487373124998099 0.097723115609136504 0.026214956627429932 -0.0089186182571505887 -0.0029618206997102619 -0.026463771509503853 -0.007998268226967746
leaf_weight=97.25117864087224 13.793618828058241 17.471004784107208 9.6953908689320105 20.923569042235613 12.641729068011044 9.0158216841518861 10.008716762065886 25.666217058897018 7.3152579367160788
leaf_count=2181 203 200 169 190 201 195 195 540 149
internal_value=-0.000900221 0.0654266 -0.0214218 0.0799098 0.0110383 -0.0264206 -0.0177174 -0.0207344 -0.0231655
internal_weight=223.783 52.1882 171.594 38.3946 22.3371 149.257 52.006 41.9973 32.9815
internal_count=4223 593 3630 390 370 3260 1079 884 689
is_linear=0
shrinkage=0.03


Tree=8
num_leaves=8
num_cat=0
split_feature=7 15 100 7 35 58 38
split_gain=311.981 39.1634 31.5685 12.0572 9.37403 5.23079 3.07466
threshold=3169.1550000000002 12.500000000000002 3.5000000000000004 14061.845000000001 71.500000000000014 40.500000000000007 86.500000000000014
decision_type=2 2 2 2 2 2 2
left_child=2 -2 5 -3 -4 -1 -7
right_child=1 3 4 -5 -6 6 -8
leaf_value=-0.028950185835095069 0.019468686953282188 0.053934030532500545 -0.0079360351396091638 0.097420032921046368 0.026346358626632357 0.0025633846541130395 -0.020766654468810493
leaf_weight=125.32929538190365 16.657253455370665 19.690453384071589 13.515442777425053 18.390207700431347 12.604150753468273 8.2492532096803206 8.6892691627144796
leaf_count=2846 242 200 253 151 199 166 166
internal_value=-0.000882802 0.0606172 -0.0212031 0.0772739 0.00841549 -0.0267664 -0.00905896
internal_weight=223.125 54.7379 168.387 38.0807 26.1196 142.268 16.9385
internal_count=4223 593 3630 351 452 3178 332
is_linear=0
shrinkage=0.03


Tree=9
num_leaves=10
num_cat=0
split_feature=9 122 54 0 53 24 54 58 58
split_gain=280.589 34.8025 27.9945 11.5113 7.12765 3.33568 3.27329 1.69682 0.78524
threshold=1128.2650000000001 197.50000000000003 598.50000000000011 18.500000000000004 2.5000000000000004 1642.0000000000002 128.50000000000003 13.500000000000002 40.500000000000007
decision_type=2 2 2 2 2 2 2 2 2
left_child=2 -2 6 5 -3 -4 -1 -8 -9
right_child=1 4 3 -5 -6 -7 7 8 -10
leaf_value=-0.03056998654519745 0.019371603402025522 0.049099730781284538 -0.021397117265561073 0.02126592830135704 0.086107355612297029 0.00098088173127663242 -0.0040100672581654109 -0.025109041024224375 -0.0078595842397018653
leaf_weight=92.274688933044672 18.207744397222996 16.54622869938612 12.149271469563248 15.604207556694744 21.907610237598419 8.649430748075245 9.4244596660137159 20.296535540372137 7.2585444077849379
leaf_count=2183 236 173 232 255 181 161 210 445 147
internal_value=-0.000853162 0.0561225 -0.020651 0.00217128 0.0722117 -0.0117847 -0.0271611 -0.0176792 -0.0215249
internal_weight=222.319 56.6616 165.657 36.4029 38.4538 20.7987 129.254 36.9795 27.5551
internal_count=4223 590 3633 648 354 393 2985 802 592
is_linear=0
shrinkage=0.03


Tree=10
num_leaves=9
num_cat=0
split_feature=6 46 58 7 114 62 87 46
split_gain=287.407 38.7844 29.6613 11.8077 7.02758 5.18054 3.16255 1.70302
threshold=4474.4350000000013 13427.695500000002 43.500000000000007 935.04000000000008 0.034833004500000007 25.500000000000004 8.5000000000000018 6369.7028000000009
decision_type=2 2 2 2 2 2 2 2
left_child=2 4 6 7 -2 -3 -1 -4
right_child=1 5 3 -5 -6 -7 -8 -9
leaf_value=-0.029362239662262386 0.00043443921820794499 0.055406053999476339 -0.00091967703366500908 0.020942569577800926 0.035325703989832535 0.087922091707721389 -0.0083752751109540217 -0.021460028270985428
leaf_weight=111.60636898875237 11.38470469415188 27.573507271707058 8.315303388983013 16.808747202157974 10.233365826308725 16.390930645167828 10.073920529335735 9.2347933389246446
leaf_count=2674 178 271 166 273 134 128 219 168
internal_value=0.00116804 0.0534585 -0.0209143 0.00324544 0.0184457 0.0695481 -0.0278294 -0.0131108
internal_weight=221.622 65.5825 156.039 34.3588 21.6181 43.9644 121.68 17.5501
internal_count=4211 711 3500 607 312 399 2893 334
is_linear=0
shrinkage=0.03


Tree=11
num_leaves=9
num_cat=0
split_feature=58 10 121 27 127 24 115 10
split_gain=267.969 50.398 19.8684 18.3159 6.16633 6.47914 3.7459 1.13193
threshold=84.500000000000014 845.94500000000005 19864.230000000003 982.50000000000011 1.5000000000000002 1309.0000000000002 0.066717835000000017 121.36000000000001
decision_type=2 2 2 2 2 2 2 2
left_child=2 3 4 -2 7 -6 -3 -1
right_child=1 6 -4 -5 5 -7 -8 -9
leaf_value=-0.028731435834889588 -0.0030891039887484513 0.077105279722094439 0.022090708107359119 0.043427704419376413 -0.026596141353530996 0.0058054343610154093 0.047673377462007505 -0.013499458782137387
leaf_weight=107.99762103334069 17.972096309065822 27.124172773212194 7.5095374770462504 11.442235745489596 8.4772985726594943 11.478411398828028 17.737291350960732 11.421316530555485
leaf_count=2622 274 222 103 162 190 250 160 228
internal_value=0.00113679 0.0472731 -0.0222537 0.0153458 -0.0248902 -0.00785547 0.0670888 -0.0275234
internal_weight=221.16 74.2758 146.884 29.4143 139.375 19.9557 44.8615 119.419
internal_count=4211 818 3393 436 3290 440 382 2850
is_linear=0
shrinkage=0.03


Tree=12
num_leaves=9
num_cat=0
split_feature=8 56 10 86 122 138 58 83
split_gain=248.971 49.814 16.251 10.7758 6.14086 5.08325 2.36613 0.154725
threshold=621.4000000000002 194.50000000000003 845.94500000000005 23.500000000000004 183.50000000000003 50.500000000000007 43.500000000000007 9.5000000000000018
decision_type=2 2 2 2 2 2 2 2
left_child=3 4 -3 6 -2 -4 7 -1
right_child=1 2 5 -5 -6 -7 -8 -9
leaf_value=-0.029599309105027821 -0.017124024852894316 0.026472250605814301 0.072266529228638646 0.0031109749338960237 0.015203127571501723 0.042821700488485492 -0.011404482227366085 -0.017620384389319316
leaf_weight=97.036477394402027 10.308700181543829 20.022338278591633 29.237337294965982 10.622734908014534 8.7616773694753629 18.298277396708727 13.108408380299805 13.26223214715719
leaf_count=2451 197 273 246 196 128 145 259 316
internal_value=0.00110503 0.0405439 0.0524817 -0.0243862 -0.00150682 0.0623569 -0.0268796 -0.028465
internal_weight=220.658 86.6283 67.558 134.03 19.0704 47.5356 123.407 110.299
internal_count=4211 989 664 3222 325 391 3026 2767
is_linear=0
shrinkage=0.03


Tree=13
num_leaves=10
num_cat=0
split_feature=8 56 9 86 56 122 34 58 83
split_gain=232.516 44.1685 17.1708 10.6162 7.73119 5.83498 4.18511 2.38201 0.18118
threshold=621.4000000000002 194.50000000000003 4584.0000000000009 23.500000000000004 564.00000000000011 183.50000000000003 259.50000000000006 43.500000000000007 9.5000000000000018
decision_type=2 2 2 2 2 2 2 2 2
left_child=3 5 4 7 -3 -2 -6 8 -1
right_child=1 2 -4 -5 6 -7 -8 -9 -10
leaf_value=-0.029515673466639136 -0.016890427520677091 0.012972999344905379 0.068859167301764904 0.0030179870924858477 0.056468527186676006 0.014623506471872919 0.027104343624742563 -0.011193446013318281 -0.017390612397583168
leaf_weight=94.434232104569674 10.153922099620106 13.098096203058956 26.940008819103241 10.651891775429247 15.169949378818275 8.8735828064382058 14.79903571680188 12.975765641778706 13.050768516957758
leaf_count=2451 197 175 181 196 172 128 136 259 316
internal_value=0.00107032 0.0383089 0.0491942 -0.0242023 0.0352692 -0.00144841 0.0437959 -0.0267378 -0.0283556
internal_weight=220.147 89.0346 70.0071 131.113 43.0671 19.0275 29.969 120.461 107.485
internal_count=4211 989 664 3222 483 325 308 3026 2767
is_linear=0
shrinkage=0.03


Tree=14
num_leaves=10
num_cat=0
split_feature=8 60 54 86 6 20 59 55 7
split_gain=217.747 39.0196 10.8142 10.4579 7.97362 7.79324 1.9208 1.1254 0.176306
threshold=621.4000000000002 24.500000000000004 3215.5000000000005 23.500000000000004 5803.5150000000012 135.72541500000003 7.5000000000000009 162.50000000000003 271.12500000000006
decision_type=2 2 2 2 2 2 2 2 2
left_child=3 4 -3 6 -2 -4 -1 -8 -9
right_child=1 2 5 -5 -6 -7 7 8 -10
leaf_value=-0.029333831944459515 -0.0089357850421938716 0.025117810168415567 0.037909719315199486 0.002927984007599659 0.021594988823740335 0.069694519928981027 -0.0064562094246759429 -0.01241612718370517 -0.0275816774825141
leaf_weight=87.330903079360723 14.078750234097244 17.199031814932823 19.952289137989283 10.68024258315563 14.084316935390232 25.939149804413319 10.516148343682291 9.303131293505432 10.444215796887873
leaf_count=2338 265 203 160 196 175 186 263 210 215
internal_value=0.0010435 0.0363122 0.0492885 -0.0240172 0.00603521 0.0572984 -0.0265949 -0.0175261 -0.0221029
internal_weight=219.528 91.2535 63.0905 128.275 28.1631 45.8914 117.594 30.2635 19.7473
internal_count=4211 989 549 3222 440 346 3026 688 425
is_linear=0
shrinkage=0.03


Tree=15
num_leaves=11
num_cat=0
split_feature=12 7 46 45 40 54 54 114 54 18
split_gain=168.865 38.1535 18.469 9.16948 5.74588 8.93466 4.88515 4.76829 1.32874 1.46528
threshold=18.500000000000004 10319.770000000002 18144.200500000003 7.5000000000000009 42.500000000000007 848.00000000000011 5396.0000000000009 0.04100462400000001 128.50000000000003 111.50731500000002
decision_type=2 2 2 2 2 2 2 2 2 2
left_child=3 2 4 8 5 -2 -4 -5 -1 -10
right_child=1 -3 6 7 -6 -7 -8 -9 9 -11
leaf_value=-0.02938161266734032 -0.0099051062725194396 0.053128018052853727 0.043706063061625541 0.012589717827474461 -0.019003880181249589 0.028722929935673477 0.014845129332097235 -0.015766588752805174 -0.024162069009517041 -0.0074263163024748131
leaf_weight=75.235396917909384 10.741670664399868 37.326298519968987 14.042508378624918 8.1634462587535399 10.885766930878161 8.5887297727167589 13.787417855113743 11.169148679822682 17.958483297377828 12.119857259094713
leaf_count=2088 219 254 183 164 146 130 123 216 440 270
internal_value=-0.000115464 0.0296912 0.0137216 -0.023096 -0.00213869 0.00708859 0.030939 -0.00302474 -0.0265763 -0.0183571
internal_weight=220.019 95.3724 58.0461 124.646 30.2162 19.3304 27.8299 19.3326 105.314 30.0783
internal_count=4233 1055 801 3178 495 349 306 380 2798 710
is_linear=0
shrinkage=0.03


Tree=16
num_leaves=11
num_cat=0
split_feature=0 71 27 7 122 6 11 27 55 42
split_gain=162.752 32.5163 16.3391 11.901 7.54708 3.42939 3.21025 2.60371 2.58757 2.13558
threshold=16.500000000000004 4.5000000000000009 982.50000000000011 558.75000000000011 52.500000000000007 6921.045000000001 775.27500000000009 863.50000000000011 134.50000000000003 34.500000000000007
decision_type=2 2 2 2 2 2 2 2 2 2
left_child=3 2 5 8 -5 -2 -3 -6 -1 -10
right_child=1 6 -4 4 7 -7 -8 -9 9 -11
leaf_value=-0.0288278802915891 -0.016788980197081214 0.036174987097775738 0.028763361618515653 0.019284643908860165 -0.02426722792552323 0.0053619959529336014 0.060053233264323429 0 0 -0.020311674098850402
leaf_weight=83.57615565136075 11.856439456343653 24.187874905765057 23.6667575314641 8.1076785549521464 8.9985696151852625 10.202523548156021 20.504294350743294 7.729516126215457 6.6673306748271015 13.768078446388243
leaf_count=2360 211 204 281 160 178 116 122 143 163 295
internal_value=-0.000117609 0.0304786 0.0118504 -0.0217733 -0.00232414 -0.00610516 0.0485329 -0.0141405 -0.0262081 -0.013949
internal_weight=219.265 90.4179 45.7257 128.847 24.8358 22.059 44.6922 16.7281 104.012 20.4354
internal_count=4233 934 608 3299 481 327 326 321 2818 458
is_linear=0
shrinkage=0.03


Tree=17
num_leaves=12
num_cat=0
split_feature=0 71 27 7 122 40 27 55 42 9 28
split_gain=153.174 29.1377 15.021 11.7415 7.65799 3.11957 2.72376 2.61506 2.30475 0.810971 0.091436
threshold=16.500000000000004 4.5000000000000009 982.50000000000011 558.75000000000011 51.500000000000007 44.500000000000007 877.50000000000011 134.50000000000003 33.500000000000007 4808.0200000000013 75.500000000000014
decision_type=2 2 2 2 2 2 2 2 2 2 2
left_child=3 2 5 7 -5 -2 -6 -1 -9 -3 -10
right_child=1 9 -4 4 6 -7 -8 8 10 -11 -12
leaf_value=-0.028733611625355863 0.003283886275567585 0.034863184291831349 0.027340925334017562 0.019620385489134192 -0.024326371517453271 -0.017896709023903081 0 0 -0.025861395881513403 0.05344511497659226 -0.0097456678188968908
leaf_weight=81.371437981724739 12.067041724920275 21.862956199795008 24.194814473390579 8.042534604668619 9.1295000500977057 9.8626432567834836 7.6117634586989871 6.429027762264016 7.1007594428956491 24.098184645175934 6.656135056167841
leaf_count=2360 203 192 281 156 184 124 141 157 150 134 151
internal_value=-0.000113962 0.0290679 0.0114029 -0.0215626 -0.00226091 -0.00595276 -0.0141316 -0.0260588 -0.0137208 0.045856 -0.0202692
internal_weight=218.427 92.0856 46.1245 126.341 24.7838 21.9297 16.7413 101.557 20.1859 45.9611 13.7569
internal_count=4233 934 608 3299 481 327 325 2818 458 326 301
is_linear=0
shrinkage=0.03


Tree=18
num_leaves=11
num_cat=0
split_feature=0 71 27 8 118 54 24 46 18 9
split_gain=144.297 26.233 14.0179 11.8596 9.37519 4.53575 5.22675 2.63113 2.16636 0.689427
threshold=16.500000000000004 4.5000000000000009 844.50000000000011 878.85000000000014 0.0021299278500000003 128.50000000000003 2096.5000000000005 1998.6275000000003 86.474000000000018 4808.0200000000013
decision_type=2 2 2 2 2 2 2 2 2 2
left_child=3 2 -2 5 -4 -1 7 8 -7 -3
right_child=1 9 4 -5 -6 6 -8 -9 -10 -11
leaf_value=-0.02918465411418765 -0.010707044356914561 0.033082252134407748 0.037181638648209857 0.0071206855122851586 0.0026453665602660442 -0.017080669041361431 0.0074819245987929441 -0.026643613615104655 0.00355918761090428 0.050546116903779019
leaf_weight=71.006201803684235 16.015235617756844 22.394169565290213 16.881064228713516 10.769663508981465 13.630745831876991 8.617111109197138 6.3486382216215125 20.829011451452971 6.3498627319931975 24.762686349451542
leaf_count=2130 240 192 191 166 177 227 146 470 160 134
internal_value=-0.000113874 0.0277503 0.0109699 -0.0213528 0.0228026 -0.0242329 -0.0150593 -0.0195595 -0.00771011 0.0434234
internal_weight=217.604 93.6839 46.527 123.92 30.5118 113.151 42.1446 35.796 14.967 47.1569
internal_count=4233 934 608 3299 368 3133 1003 857 387 326
is_linear=0
shrinkage=0.03


Tree=19
num_leaves=11
num_cat=0
split_feature=0 15 118 8 20 55 24 60 46 13
split_gain=136.053 23.8383 16.3347 11.5894 7.978 3.25451 3.8584 2.72085 2.24034 1.65627
threshold=16.500000000000004 29.500000000000004 0.0027491422500000007 878.85000000000014 137.56666500000003 134.50000000000003 1956.0000000000002 23.500000000000004 1998.6275000000003 5.5000000000000009
decision_type=2 2 2 2 2 2 2 2 2 2
left_child=3 2 4 5 -2 9 8 -4 -7 -1
right_child=1 -3 7 -5 -6 6 -8 -9 -10 -11
leaf_value=-0.028547505536131595 0.0084379004953529825 0.046627759551377379 -0.014536803595032616 0.0068867615902273756 0.038198522043517778 -0.0025005462133132882 0.0037570576006676504 0.0046299705854549802 -0.026423806825282212 -0.006361807540734188
leaf_weight=77.116787508130074 15.978879000991581 33.901824489235878 11.634678997099401 10.834379736334084 21.933075856417418 6.8447777256369653 7.1018445119261733 11.731276150792835 13.924748238176106 5.6909518763422957
leaf_count=2351 218 211 191 166 194 167 152 120 307 156
internal_value=-0.000104294 0.0265331 0.0146047 -0.0211377 0.0265799 -0.0240524 -0.0132846 -0.0045031 -0.0197058 -0.0272959
internal_weight=216.693 95.1797 61.2779 121.513 37.912 110.679 27.8714 23.366 20.7695 82.8077
internal_count=4233 934 723 3299 412 3133 626 311 474 2507
is_linear=0
shrinkage=0.03


Tree=20
num_leaves=9
num_cat=0
split_feature=58 7 55 69 121 21 7 118
split_gain=149.601 25.6561 13.1588 10.7467 9.87819 6.71774 1.97773 1.78838
threshold=84.500000000000014 10705.550000000001 128.50000000000003 4.5000000000000009 9848.9600000000009 2053.5000000000005 558.75000000000011 0.0019783341000000005
decision_type=2 2 2 2 2 2 2 2
left_child=2 3 6 5 7 -2 -1 -4
right_child=1 -3 4 -5 -6 -7 -8 -9
leaf_value=-0.029653080982155595 -0.0059082758296506869 0.048417274550465017 -0.022771688052468621 0.031476797179226725 0.01682684564439834 0.021022668805897433 -0.012589351740243969 -0.0053338363849952976
leaf_weight=76.194587524980307 21.302921745926142 36.302296109497547 14.750425938516857 20.909453369677067 10.774431593716143 11.962437625974415 12.511336300522087 13.339221112430094
leaf_count=2387 272 207 350 200 146 145 291 290
internal_value=-0.000272674 0.0289848 -0.0212038 0.0150498 -0.00594571 0.0036694 -0.0275807 -0.0154745
internal_weight=218.047 90.4771 127.57 54.1748 38.8641 33.2654 88.7059 28.0896
internal_count=4288 824 3464 617 786 417 2678 640
is_linear=0
shrinkage=0.03


Tree=21
num_leaves=10
num_cat=0
split_feature=58 7 55 11 121 24 67 7 118
split_gain=140.975 23.1074 13.0341 9.91732 9.39373 5.22627 4.56994 2.00622 1.75281
threshold=84.500000000000014 10705.550000000001 128.50000000000003 348.05000000000007 9848.9600000000009 2047.5000000000002 9.5000000000000018 558.75000000000011 0.0019783341000000005
decision_type=2 2 2 2 2 2 2 2 2
left_child=2 3 7 5 8 6 -2 -1 -4
right_child=1 -3 4 -5 -6 -7 -8 -9 -10
leaf_value=-0.029585398363723901 -0.013827323430440214 0.045887393509838212 -0.02257201376953967 0.036230974876504674 0.016158013576120577 0.021569270617531677 0.0094658399093546057 -0.012370858777763281 -0.0052085265770195222
leaf_weight=74.11156695522368 12.585180778056385 37.195586703717709 14.447920415550472 13.369685117155312 10.922885470092295 12.822702836245297 15.97030461207032 12.370161632075904 13.275380432605742
leaf_count=2387 183 207 350 107 146 144 183 291 290
internal_value=-0.000269359 0.0276971 -0.0209946 0.0144681 -0.00581126 0.00639332 -0.000413071 -0.0274641 -0.0152505
internal_weight=217.071 91.9435 125.128 54.7479 38.6462 41.3782 28.5555 86.4817 27.7233
internal_count=4288 824 3464 617 786 510 366 2678 640
is_linear=0
shrinkage=0.03


Tree=22
num_leaves=10
num_cat=0
split_feature=58 7 7 69 24 21 86 108 56
split_gain=133.037 20.8463 12.4913 9.29514 6.72121 4.98912 3.22499 3.12227 0.00756913
threshold=84.500000000000014 10705.550000000001 558.75000000000011 4.5000000000000009 2006.5000000000002 2166.5000000000005 14.500000000000002 1.5000000000000002 104.50000000000001
decision_type=2 2 2 2 2 2 2 2 2
left_child=2 3 7 4 -2 6 -4 8 -1
right_child=1 -3 5 -5 -6 -7 -8 -9 -10
leaf_value=-0.029201433539170114 -0.0062199017674260601 0.043576432374635717 0 0.028869371330851001 0.020647621897068348 0.013184287033576153 -0.02014175333891665 -0.0018520727817937898 -0.01415355599496637
leaf_weight=75.288003711029887 21.531928271055222 38.032891921699047 11.028939772397282 21.702135223895311 12.022346727550028 8.6093912348151189 15.194819953292606 5.6628150753676882 6.9687297865748397
leaf_count=2463 277 207 247 200 140 155 272 144 183
internal_value=-0.000263041 0.0265146 -0.0207845 0.0139385 0.00329146 -0.00486395 -0.0116069 -0.0267978 -0.0282921
internal_weight=216.042 93.2893 122.753 55.2564 33.5543 34.8332 26.2238 87.9195 82.2567
internal_count=4288 824 3464 617 417 674 519 2790 2646
is_linear=0
shrinkage=0.03


Tree=23
num_leaves=9
num_cat=0
split_feature=58 10 55 138 121 27 7 118
split_gain=125.55 23.3066 12.9248 10.3627 8.91418 8.5755 2.0139 1.73597
threshold=84.500000000000014 845.94500000000005 128.50000000000003 49.500000000000007 9848.9600000000009 982.50000000000011 558.75000000000011 0.0019783341000000005
decision_type=2 2 2 2 2 2 2 2
left_child=2 5 6 -3 7 -2 -1 -4
right_child=1 3 4 -5 -6 -7 -8 -9
leaf_value=-0.029452021842994475 -0.0080854970714295399 0.046282617291003046 -0.022246929320155782 0.018532135745406766 0.015787091079732838 0.02170756381377742 -0.012107584305926703 -0.0048511928529596992
leaf_weight=70.178965264931321 19.063726644963026 37.613488107919693 13.972414493560793 23.979601126164198 11.006816327571867 13.948289241641758 12.203407499939201 13.095278955996035
leaf_count=2387 275 245 350 143 146 161 291 290
internal_value=-0.000258342 0.0253891 -0.0205681 0.036187 -0.00542339 0.00432982 -0.0272387 -0.014838
internal_weight=215.062 94.6051 120.457 61.5931 38.0745 33.012 82.3824 27.0677
internal_count=4288 824 3464 388 786 436 2678 640
is_linear=0
shrinkage=0.03


Tree=24
num_leaves=10
num_cat=0
split_feature=6 37 15 114 118 47 118 13 13
split_gain=114.393 20.8037 15.4426 9.92215 8.05209 6.73736 6.38576 2.17901 2.34264
threshold=4474.4350000000013 9.5000000000000018 29.500000000000004 0.06824678200000002 0.00043845378500000006 7299.1975500000008 0.0022919066500000002 5.5000000000000009 9.5000000000000018
decision_type=2 2 2 2 2 2 2 2 2
left_child=1 7 3 5 -3 -2 -6 -1 -9
right_child=2 4 -4 -5 6 -7 -8 8 -10
leaf_value=-0.028076538308818171 0.010785251611454657 -0.020430722135596626 0.041417948077327064 -0.0019913906506964707 0.028820909377557938 0.039088121508407868 -0.0015386116468371063 0 -0.022085880463708057
leaf_weight=76.942848935723305 20.243848357349634 8.5398941710591334 34.335980247706175 18.973327275365591 10.008963964879515 15.032516438513992 12.185671236366032 7.8120228350162533 10.038428200408815
leaf_count=2578 251 206 182 167 152 117 215 205 215
internal_value=-0.000256635 -0.0186898 0.0256131 0.0147698 0.00227178 0.0240046 0.012158 -0.0255954 -0.0131829
internal_weight=214.114 125.528 88.5857 54.2497 30.7345 35.2764 22.1946 94.7933 17.8505
internal_count=4288 3571 717 535 573 368 367 2998 420
is_linear=0
shrinkage=0.03


Tree=25
num_leaves=9
num_cat=0
split_feature=58 10 121 0 60 54 50 11
split_gain=110.381 14.3254 9.71758 5.2924 2.99325 2.12979 3.10609 2.29508
threshold=84.500000000000014 845.94500000000005 10130.380000000003 20.500000000000004 103.50000000000001 125.50000000000001 1.0000000180025095e-35 56.455000000000005
decision_type=2 2 2 2 2 2 2 2
left_child=2 3 5 -2 -3 -1 -7 -8
right_child=1 4 -4 -5 -6 6 7 -9
leaf_value=-0.028674091265149245 -0.0087733773555162681 0.021907443409157901 0.00063745846692522053 0.014739701806537686 0.038636730520956182 0 -0.025167350932259351 -0.0024717107470518581
leaf_weight=60.28339515440166 12.515574377030132 32.923246987164021 14.709376966580747 20.961472049355507 29.734441787004471 7.710812669247388 26.198324458673596 6.7632803730666629
leaf_count=2164 209 227 218 234 157 219 701 144
internal_value=-0.00141304 0.0221422 -0.0211415 0.00551463 0.0305643 -0.0244369 -0.0172594 -0.0211621
internal_weight=211.8 96.1347 115.665 33.477 62.6577 100.956 40.6724 32.9616
internal_count=4273 827 3446 443 384 3228 1064 845
is_linear=0
shrinkage=0.03


Tree=26
num_leaves=9
num_cat=0
split_feature=58 11 27 122 0 56 8 58
split_gain=104.604 11.0903 11.6616 9.57098 4.52802 3.29309 2.78575 2.10562
threshold=84.500000000000014 359.44500000000005 982.50000000000011 207.50000000000003 34.500000000000007 119.50000000000001 450.15000000000003 43.500000000000007
decision_type=2 2 2 2 2 2 2 2
left_child=3 2 4 5 -2 7 -7 -1
right_child=1 -3 -4 -5 -6 6 -8 -9
leaf_value=-0.028049934240592295 -0.011260110445045209 0.033442720035494408 0.025793445248888089 0.0016974774197563572 0.011465858480655268 0 -0.023047275891445743 -0.0030487948878075723
leaf_weight=77.226970041170716 16.48651393502951 40.139305550605059 27.349697779864073 13.456892812624572 13.221613004803656 10.499754689633848 7.4256955068558446 4.8411140181124201
leaf_count=2705 243 226 244 229 114 267 131 114
internal_value=-0.0013812 0.0212655 0.0120122 -0.0209308 -0.000613423 -0.0241112 -0.0101983 -0.0268102
internal_weight=210.648 97.1971 57.0578 113.45 29.7081 99.9935 17.9255 82.0681
internal_count=4273 827 601 3446 357 3217 398 2819
is_linear=0
shrinkage=0.03


Tree=27
num_leaves=9
num_cat=0
split_feature=58 10 12 0 116 124 108 58
split_gain=99.1821 12.0271 8.15324 6.18172 4.45655 4.26707 2.20644 0.591695
threshold=81.500000000000014 845.94500000000005 17.500000000000004 18.500000000000004 0.0029133423500000005 1.0000000180025095e-35 1.5000000000000002 46.500000000000007
decision_type=2 2 2 2 2 2 2 2
left_child=2 3 6 -2 -3 -4 7 -1
right_child=1 4 5 -5 -6 -7 -8 -9
leaf_value=-0.027524027129598373 -0.011485181518399456 0.018777260408535553 0.0098005223774044296 0.014242906279173059 0.037163973281359328 -0.014489133201075893 -0.0041073506297324936 -0.0083697583746922665
leaf_weight=74.740058988332748 11.462377168238161 35.102753192186356 9.3382896203547734 23.03115002065897 29.550230119377375 15.152403688058255 6.2138915639370671 4.9383282661437979
leaf_count=2697 200 205 158 255 182 290 161 125
internal_value=-0.0013504 0.0202445 -0.0208893 0.00518801 0.0278476 -0.00461791 -0.0252497 -0.0266413
internal_weight=209.529 99.1465 110.383 34.4935 64.653 24.4907 85.8923 79.6784
internal_count=4273 842 3431 455 387 448 2983 2822
is_linear=0
shrinkage=0.03


Tree=28
num_leaves=9
num_cat=0
split_feature=58 10 27 121 116 37 7 32
split_gain=94.0712 11.0647 13.2152 8.40546 3.96618 3.30693 1.50153 2.71788
threshold=81.500000000000014 845.94500000000005 982.50000000000011 10130.380000000003 0.0029133423500000005 20.500000000000004 558.75000000000011 447.50000000000006
decision_type=2 2 2 2 2 2 2 2
left_child=3 2 -2 5 -3 6 -1 -8
right_child=1 4 -4 -5 -6 -7 7 -9
leaf_value=-0.027403739661166989 -0.010389283502399276 0.018067973984937605 0.025779553668044606 0 0.035427830063744413 0 0 -0.023864897600402907
leaf_weight=72.657185411080718 19.769728124141693 35.420640625059605 14.863659199327229 14.201797578483818 30.10860164090991 4.6223899368196717 7.7096070107072618 9.1067001409828645
leaf_count=2687 289 205 166 214 182 107 202 221
internal_value=-0.0013209 0.0194571 0.00500024 -0.0206776 0.0266824 -0.0238949 -0.0251601 -0.0136303
internal_weight=208.46 100.163 34.6334 108.298 65.5292 94.0959 89.4735 16.8163
internal_count=4273 842 455 3431 387 3217 3110 423
is_linear=0
shrinkage=0.03


Tree=29
num_leaves=9
num_cat=0
split_feature=12 59 57 24 72 114 66 29
split_gain=87.5512 14.7465 9.26175 6.86659 7.59626 3.5497 4.13035 0.575207
threshold=18.500000000000004 171.50000000000003 134.50000000000003 2096.5000000000005 2.5000000000000004 0.060366168000000005 11.500000000000002 4.5000000000000009
decision_type=2 2 2 2 2 2 2 2
left_child=2 3 7 4 5 6 -2 -1
right_child=1 -3 -4 -5 -6 -7 -8 -9
leaf_value=-0.0079125372302509024 -0.009822593442452756 0.030663741379438145 0.00052249697205246685 0.023104498253595576 0.017878180308841692 -0.017139183624237064 0.014945689830105422 -0.026916016639956287
leaf_weight=4.8334940019994965 11.754352072253825 41.210678249597549 12.382737521082161 18.352081082761288 17.145064853131771 13.886976005509494 10.289914447814224 77.514390558004379
leaf_count=135 221 232 242 198 138 171 114 2822
internal_value=-0.0012876 0.0164482 -0.0224845 0.00772936 0.0018068 -0.00573216 0.00123479 -0.0260889
internal_weight=207.37 112.639 94.7306 71.4284 53.0763 35.9312 22.0443 82.3479
internal_count=4273 1074 3199 842 644 506 335 2957
is_linear=0
shrinkage=0.03


Tree=30
num_leaves=10
num_cat=0
split_feature=7 7 46 115 41 56 18 24 19
split_gain=79.9754 18.0528 13.9711 8.11753 5.13959 4.521 6.25619 2.63487 3.20602
threshold=558.75000000000011 19709.465000000004 15739.730000000001 0.070361790000000021 3.5000000000000004 104.50000000000001 49.01250000000001 2102.5000000000005 134.36462500000002
decision_type=2 2 2 2 2 2 2 2 2
left_child=5 2 4 -4 -2 -1 -7 8 -6
right_child=1 -3 3 -5 7 6 -8 -9 -10
leaf_value=-0.027786834291084046 0.013461280606433571 0.035263112970244807 0.027103043921498472 0.0020139941020935917 -0.0011280361803210107 -0.025775867492819685 0.010685500083538952 0.0026829871759398794 -0.022776419990934289
leaf_weight=63.890714818611741 10.623819179832934 27.398199331015348 33.446138165891171 19.813413482159376 12.67462611012161 7.2130902688950282 7.2301897890865803 10.162048151716588 15.059411188587545
leaf_count=2545 243 140 269 170 212 181 179 132 224
internal_value=-0.000478263 0.0139205 0.00774212 0.0182551 -0.0036305 -0.024288 -0.00704228 -0.00903057 -0.0137886
internal_weight=207.512 129.178 101.779 53.2596 48.5199 78.334 14.4433 37.8961 27.734
internal_count=4295 1390 1250 439 811 2905 360 568 436
is_linear=0
shrinkage=0.03


Tree=31
num_leaves=10
num_cat=0
split_feature=7 7 55 3 106 115 48 55 56
split_gain=76.3694 16.6667 13.1143 7.89658 11.1293 7.46211 5.75273 4.79492 2.99139
threshold=558.75000000000011 19709.465000000004 2929.0000000000005 4.5000000000000009 3.5000000000000004 0.065057548000000007 1134.3312500000004 134.50000000000003 149.50000000000003
decision_type=2 2 2 2 2 2 2 2 2
left_child=7 2 3 4 6 -5 -2 -1 -9
right_child=1 -3 -4 5 -6 -7 -8 8 -10
leaf_value=-0.028465039273803928 -0.015354455366822364 0.033801142485536909 0.023841605258156522 0.0074705454797711806 0.034148878714094832 -0.01728598085504426 0.017787636954777267 0.0045796381361260926 -0.018080205804452285
leaf_weight=58.123010506853461 11.207293041050439 27.763249322772026 29.929040379822254 16.345048233866692 11.430862518027423 26.779532767832279 6.5200134366750708 7.0145057663321522 11.437924938276408
leaf_count=2421 282 140 193 172 192 294 117 208 276
internal_value=-0.000463884 0.0134364 0.00748563 0.000275746 0.0122961 -0.00760618 -0.00206506 -0.0241199 -0.00890257
internal_weight=206.55 129.975 102.212 72.2827 29.1582 43.1246 17.7273 76.5754 18.4524
internal_count=4295 1390 1250 1057 591 466 399 2905 484
is_linear=0
shrinkage=0.03


Tree=32
num_leaves=10
num_cat=0
split_feature=7 6 46 21 55 41 18 7 8
split_gain=72.9643 15.526 13.5622 8.71266 4.80319 4.70333 4.40546 2.27442 4.4528
threshold=558.75000000000011 30611.380000000001 15739.730000000001 1600.5000000000002 134.50000000000003 3.5000000000000004 49.01250000000001 2961.4400000000005 621.4000000000002
decision_type=2 2 2 2 2 2 2 2 2
left_child=4 2 5 -4 -1 -2 -6 8 -7
right_child=1 -3 3 -5 6 7 -8 -9 -10
leaf_value=-0.02838212522961326 0.011605007807919527 0.030754961825241667 0.0018521334304335136 0.02753302453294762 -0.023379313272364487 -0.017515770237174523 0.0039422886404594758 -0.018030209169255875 0.0096699564568205488
leaf_weight=56.570403903722763 10.446829834952949 32.5519192032516 21.78886154294014 29.768131816759706 8.626154253259303 8.7353455331176537 9.6698851343244296 16.630538430064917 10.806085696443914
leaf_count=2421 241 167 195 230 233 204 251 177 176
internal_value=-0.000445914 0.0129801 0.00668458 0.017207 -0.0239494 -0.00475441 -0.00870589 -0.0100678 -0.00201338
internal_weight=205.594 130.728 98.1758 51.557 74.8664 46.6188 18.296 36.172 19.5414
internal_count=4295 1390 1223 425 2905 798 484 557 380
is_linear=0
shrinkage=0.03


Tree=33
num_leaves=11
num_cat=0
split_feature=7 7 118 106 115 3 55 7 20 94
split_gain=69.7065 14.4736 12.2825 7.61781 7.50327 6.18149 4.80474 2.2031 2.34914 1.12723
threshold=558.75000000000011 19709.465000000004 0.0033253105500000006 2.5000000000000004 0.069478323000000022 5.5000000000000009 134.50000000000003 271.12500000000006 14.982500000000002 21.500000000000004
decision_type=2 2 2 2 2 2 2 2 2 2
left_child=6 2 3 -2 -4 -5 -1 8 -8 -6
right_child=1 -3 4 5 9 -7 7 -9 -10 -11
leaf_value=-0.028298336524626197 -0.0047751344260407993 0.031297549570565915 0.010419285450130343 0.034513829326624106 -0.007488418080316292 0.011410369129173649 -0.012153334967282551 -0.02123290472794646 0.01274444553928432 -0.023887941971925748
leaf_weight=55.061524413526058 12.795587128028272 28.379873137921095 13.462165050208567 17.404153399169445 12.718189585953953 35.441101983189583 6.168032383546235 6.4814188182353965 5.4984159991145134 11.23564653098583
leaf_count=2421 273 140 153 241 222 262 182 158 144 99
internal_value=-0.000434129 0.0125367 0.00697505 0.0147827 -0.00636002 0.0197976 -0.0237786 -0.00852048 0 -0.0164308
internal_weight=204.646 131.437 103.057 65.6408 37.416 52.8453 73.2094 18.1479 11.6664 23.9538
internal_count=4295 1390 1250 776 474 503 2905 484 326 321
is_linear=0
shrinkage=0.03


Tree=34
num_leaves=9
num_cat=0
split_feature=7 6 46 13 32 56 91 19
split_gain=66.5788 13.5063 12.4738 7.23997 4.90905 4.59636 3.58791 1.88717
threshold=558.75000000000011 30611.380000000001 15739.730000000001 32.500000000000007 447.50000000000006 104.50000000000001 1.5000000000000002 42.568235000000008
decision_type=2 2 2 2 2 2 2 2
left_child=5 2 4 -4 -2 -1 -6 -7
right_child=1 -3 3 -5 6 7 -8 -9
leaf_value=-0.027392110903381939 0.010498139885793793 0.028493137265835865 0.030428371830759061 0.0066187497051710146 -0.020723813613997034 -0.015661363328497425 -0.00070572831540687887 0.0041492845869870376
leaf_weight=57.706490933895111 12.09447613917291 33.222645096480846 19.557276770472527 32.79795254394412 15.957000788301228 7.6912583615630847 18.630776608362794 6.2168809380382299
leaf_count=2545 260 167 213 212 295 204 243 156
internal_value=-0.000428221 0.0120932 0.00621192 0.0161976 -0.00477746 -0.0236077 -0.0106853 -0.00611559
internal_weight=203.875 132.26 99.0375 52.3552 46.6823 71.6146 34.5878 13.9081
internal_count=4295 1390 1223 425 798 2905 538 360
is_linear=0
shrinkage=0.03


Tree=35
num_leaves=10
num_cat=0
split_feature=6 51 56 136 114 114 52 6 6
split_gain=67.9369 8.55479 6.82821 5.38433 5.17573 5.05815 4.518 1.31454 2.7125
threshold=2511.7850000000003 2.5000000000000004 119.50000000000001 47.500000000000007 0.070600275000000004 0.032398036000000005 2.5000000000000004 786.06500000000017 1340.1000000000001
decision_type=2 2 2 2 2 2 2 2 2
left_child=2 5 7 4 -3 -2 -4 -1 -9
right_child=1 3 6 -5 -6 -7 -8 8 -10
leaf_value=-0.027707017138488461 -0.01483394835840255 0.034001399099798442 0.0073655660402702243 0.0081425565132093921 0.013821030755959461 0.012166854090750251 -0.017559990675705052 0.0027953022851710178 -0.024123474770891044
leaf_weight=54.230622746050358 11.849731324240567 27.711922258138657 10.975896986201407 33.932203885167837 28.832242518663406 10.917813666164873 12.40263035148382 4.7997084222733957 5.5545306038111448
leaf_count=2456 206 223 261 235 188 125 230 163 167
internal_value=-0.000726667 0.0145074 -0.0204502 0.0186168 0.024391 -0.00128789 -0.00542038 -0.0254965 -0.011177
internal_weight=201.207 113.244 87.9634 90.4764 56.5442 22.7675 23.3785 64.5849 10.3542
internal_count=4254 977 3277 646 411 331 491 2786 330
is_linear=0
shrinkage=0.03


Tree=36
num_leaves=11
num_cat=0
split_feature=6 51 33 114 138 21 19 96 119 18
split_gain=64.6496 7.93921 6.87395 4.80392 4.47147 10.4471 3.43843 2.44384 1.59465 0.471957
threshold=2511.7850000000003 2.5000000000000004 746.00000000000011 0.032398036000000005 59.500000000000007 1634.5000000000002 83.975000000000009 3.5000000000000004 14.500000000000002 78.93611300000002
decision_type=2 2 2 2 2 2 2 2 2 2
left_child=2 3 6 -2 5 -3 9 8 -8 -1
right_child=1 4 -4 -5 -6 -7 7 -9 -10 -11
leaf_value=-0.026993290364607452 -0.014594399075423096 0.0061904009880312119 0.013773618342366187 0.011734192121352923 0.0071861737799496644 0.03246779431629486 -0.025231437994452519 0.0029576440020755816 0 -0.011229808513898746
leaf_weight=56.63049297221005 11.701579771935942 24.436262860894203 3.9066582266241303 11.016107389703391 29.480874858796597 37.427308259531856 6.9309213161468524 7.2692521121352902 4.1790646035224199 7.4078723173588505
leaf_count=2352 206 191 71 125 199 256 240 167 160 287
internal_value=-0.000707268 0.0139905 -0.0202374 -0.00123843 0.0179128 0.0225904 -0.0221751 -0.00875886 -0.0172748 -0.0256011
internal_weight=200.386 114.062 86.3243 22.7177 91.3444 61.8636 82.4176 18.3792 11.11 64.0384
internal_count=4254 977 3277 331 646 447 3206 567 400 2639
is_linear=0
shrinkage=0.03


Tree=37
num_leaves=11
num_cat=0
split_feature=6 9 56 48 3 32 83 30 6 6
split_gain=61.5315 7.55019 6.81439 5.47323 5.82156 4.79725 2.38374 2.92149 1.36393 2.67019
threshold=2511.7850000000003 4584.0000000000009 119.50000000000001 2606.2508000000003 4.5000000000000009 1237.0000000000002 9.5000000000000018 3566.5000000000005 786.06500000000017 1340.1000000000001
decision_type=2 2 2 2 2 2 2 2 2 2
left_child=2 3 8 4 -2 -5 -4 -8 -1 -10
right_child=1 -3 6 5 -6 -7 7 -9 9 -11
leaf_value=-0.027524063073820444 0.011379074013396811 0.023640702664107484 -0.018295775633478617 0.023735011934974695 -0.01497973312047942 0.0032290689278705615 0.013731398357641752 -0.010367795372367648 0.0031037909130805542 -0.023864059941798604
leaf_weight=51.623828185722232 12.478278921917083 42.130868203938007 7.1424633432179716 21.305278353393078 15.539758615195749 23.353962868452072 7.9140249844640476 7.9436506647616625 4.7486205808818323 5.3550901655107737
leaf_count=2456 232 206 189 192 179 168 165 137 163 167
internal_value=-0.000689273 0.0134991 -0.0200231 0.00717543 -0.00273591 0.0136458 -0.00497066 0.000870588 -0.025224 -0.0107005
internal_weight=199.536 114.808 84.7277 72.6773 28.018 44.6592 23.0001 15.8577 61.7275 10.1037
internal_count=4254 977 3277 771 411 360 491 302 2786 330
is_linear=0
shrinkage=0.03


Tree=38
num_leaves=10
num_cat=0
split_feature=6 52 56 35 54 20 52 6 6
split_gain=58.6172 7.21639 6.72908 6.07952 5.98418 5.26802 4.37606 1.37742 2.60637
threshold=2511.7850000000003 1.5000000000000002 119.50000000000001 201.50000000000003 4791.5000000000009 236.99714000000003 2.5000000000000004 786.06500000000017 1340.1000000000001
decision_type=2 2 2 2 2 2 2 2 2
left_child=2 5 7 4 -3 -2 -4 -1 -9
right_child=1 3 6 -5 -6 -7 -8 8 -10
leaf_value=-0.027423818962147198 -0.0081962405092389466 0.013260734004704974 0.0076885933342113917 0.0053955324820649372 0.0350038535789544 0.015899186277844056 -0.01708041202981465 0.0030195050253345864 -0.023705393481920706
leaf_weight=50.282094676047564 20.399695100262761 30.722658757120371 10.87812088429928 28.163872249424458 24.065996661782265 12.107183696702121 12.029837910085915 4.7624385710805637 5.2376774791628122
leaf_count=2456 293 287 261 147 126 124 230 163 167
internal_value=-0.000674298 0.0130382 -0.0198128 0.0176937 0.0235365 0.000537099 -0.00486152 -0.0250777 -0.0104969
internal_weight=198.65 115.459 83.1902 82.9525 54.7887 32.5069 22.908 60.2822 10.0001
internal_count=4254 977 3277 560 413 417 491 2786 330
is_linear=0
shrinkage=0.03


Tree=39
num_leaves=11
num_cat=0
split_feature=6 0 24 33 138 46 19 122 106 13
split_gain=55.8383 7.04455 6.98106 6.70808 5.50227 6.64086 3.48199 2.62776 0.706491 0.525408
threshold=2511.7850000000003 88.500000000000014 1143.5000000000002 746.00000000000011 53.500000000000007 13427.695500000002 83.975000000000009 41.500000000000007 2.5000000000000004 18.500000000000004
decision_type=2 2 2 2 2 2 2 2 2 2
left_child=3 2 -2 6 5 -4 9 -8 -9 -1
right_child=1 -3 4 -5 -6 -7 7 8 -10 -11
leaf_value=-0.026242374785698182 -0.009161263624269677 0.025371306726856818 0.0029570510301188289 0.013988976206415074 -0.0010973743814246804 0.025687887000840477 0.004300462208584402 -0.024209408444250735 -0.0034982765991671215 -0.006975815069938298
leaf_weight=55.5780178476125 15.860775433480738 29.217132721096277 21.147671150043607 3.885256176814436 18.983097705990076 30.905686642974615 7.0508185848593738 5.8150189444422704 4.9284100439399481 4.4270399343222371
leaf_count=2558 169 147 270 71 184 207 234 216 117 81
internal_value=-0.000654077 0.0125974 0.00789202 -0.0195969 0.0119822 0.0169656 -0.0216208 -0.00803994 -0.0170927 -0.0252045
internal_weight=197.799 116.114 86.8972 81.6846 71.0365 52.0534 77.7993 17.7942 10.7434 60.0051
internal_count=4254 977 830 3277 661 477 3206 567 333 2639
is_linear=0
shrinkage=0.03


Tree=40
num_leaves=12
num_cat=0
split_feature=12 21 19 15 54 114 18 118 43 27 78
split_gain=56.0931 10.1832 8.62726 9.6273 5.75826 4.64134 5.87192 3.43596 2.97224 1.32617 0.456084
threshold=18.500000000000004 1105.5000000000002 134.36462500000002 30.500000000000004 128.50000000000003 0.048031525500000005 111.50731500000002 0.0023712017500000003 134.50000000000003 838.50000000000011 17.500000000000004
decision_type=2 2 2 2 2 2 2 2 2 2 2
left_child=4 -2 3 7 10 6 9 -3 -4 -6 -1
right_child=1 2 8 -5 5 -7 -8 -9 -10 -11 -12
leaf_value=-0.028632284018328642 -0.0075831200398128289 0.004972621768459435 0.030415255253153854 0.022479023916443026 -0.022511477623984828 -0.023991520148999787 0.012153492172760365 -0.015622775306013517 0.014461057885882674 0 -0.0063540268669111831
leaf_weight=37.339539512991905 16.883169416338205 12.388698549941184 33.713568467646837 17.49240830168128 7.9770777262747306 12.504019673913715 12.340087685734032 13.535337587818502 26.944861091673374 4.1131067592650652 3.3462476227432481
leaf_count=1963 192 167 284 94 286 305 297 209 137 147 165
internal_value=0.000264077 0.0130743 0.0166083 0.0057453 -0.0194201 -0.0097917 -0.00127641 -0.00540429 0.023921 -0.0160111 -0.0273562
internal_weight=198.578 120.958 104.075 43.4164 77.6201 36.9343 24.4303 25.924 60.6584 12.0902 40.6858
internal_count=4246 1083 891 470 3163 1035 730 376 421 433 2128
is_linear=0
shrinkage=0.03


Tree=41
num_leaves=13
num_cat=0
split_feature=12 24 15 19 54 121 114 108 37 102 48 78
split_gain=53.3951 11.0274 8.34914 10.2656 5.72898 4.98073 4.51138 5.85802 3.82126 2.59112 0.882615 0.460388
threshold=18.500000000000004 1096.5000000000002 29.500000000000004 134.36462500000002 128.50000000000003 23294.140000000003 0.048031525500000005 1.5000000000000002 2.5000000000000004 3.5000000000000004 822.54515000000004 17.500000000000004
decision_type=2 2 2 2 2 2 2 2 2 2 2 2
left_child=4 -2 3 9 11 -5 7 8 -6 -3 -10 -1
right_child=1 2 -4 5 6 -7 -8 -9 10 -11 -12 -13
leaf_value=-0.02856216231885347 -0.0075953788494023105 0.0033515329703060074 0.028567715245796075 0.029590846679135155 0.0066646986393500748 0.0077877191343888163 -0.023794878101343224 0.023452172336519878 -0.025729465080104524 -0.014846441220817535 -0.0040454993940410291 -0.006236813843524416
leaf_weight=36.326036404818296 18.885902971029282 12.783830281347038 34.746250540018082 19.829690620303154 6.5908897779882016 23.554996233433485 12.24138146266341 5.269144542515277 7.552762456238268 11.848451655358074 4.9844708573073149 3.3259660378098479
leaf_count=1963 214 233 169 189 242 151 305 119 248 127 121 165
internal_value=0.000243113 0.0126229 0.0165206 0.00982423 -0.0192109 0.0185333 -0.00961058 -0.00124628 -0.00962222 -0.00505444 -0.0191522 -0.027258
internal_weight=197.94 121.649 102.763 68.017 76.2907 43.3847 36.6386 24.3973 19.1281 24.6323 12.5372 39.652
internal_count=4246 1083 869 700 3163 340 1035 730 611 360 369 2128
is_linear=0
shrinkage=0.03


Tree=42
num_leaves=12
num_cat=0
split_feature=7 46 24 15 24 12 24 33 18 55 127
split_gain=52.8687 10.4544 9.15677 6.11358 8.05488 5.75348 3.70473 3.28802 2.41659 2.45976 1.14105
threshold=558.75000000000011 3419.0423500000002 1096.5000000000002 29.500000000000004 1949.5000000000002 51.500000000000007 1513.5000000000002 191.50000000000003 111.50731500000002 134.50000000000003 1.5000000000000002
decision_type=2 2 2 2 2 2 2 2 2 2 2
left_child=8 7 -3 4 6 -6 -4 -2 10 -10 -1
right_child=1 2 3 -5 5 -7 -8 -9 9 -11 -12
leaf_value=-0.02767871800418658 0.0038647322483461172 -0.0046293415279725289 0.01128340088681465 0.027718800578105041 0.033589148296272207 0.0071143004174853627 -0.0084183539242974337 -0.020205960297126294 -0.018630479290012589 0.0087273023262454969 -0.0078668545128428389
leaf_weight=44.245122332125902 7.054835086688402 18.86085718870163 14.70548922382295 34.911748200654984 16.808021441102028 16.798213090747595 17.839088609442115 10.626511873677371 5.3048310596495849 3.9067414384335279 6.1736887712031594
leaf_count=2240 172 192 143 167 189 116 187 229 270 106 235
internal_value=0.000225426 0.0105198 0.0137433 0.0173308 0.0112939 0.021377 0.000107833 -0.0101061 -0.0230644 -0.00584037 -0.0257447
internal_weight=197.235 137.605 119.923 101.063 66.1508 33.6062 32.5446 17.6813 59.6304 9.21157 50.4188
internal_count=4246 1395 994 802 635 305 330 401 2851 376 2475
is_linear=0
shrinkage=0.03


Tree=43
num_leaves=11
num_cat=0
split_feature=12 24 9 46 19 108 57 90 145 33
split_gain=48.6551 9.75408 8.38109 6.32732 7.47447 5.46542 4.2875 3.59292 1.26841 0.173539
threshold=18.500000000000004 1096.5000000000002 4808.0200000000013 13427.695500000002 122.10416800000002 1.5000000000000002 112.50000000000001 5.5000000000000009 2.5000000000000004 546.50000000000011
decision_type=2 2 2 2 2 2 2 2 2 2
left_child=5 -2 3 6 -5 7 -3 8 9 -1
right_child=1 2 -4 4 -6 -7 -8 -9 -10 -11
leaf_value=-0.026345706664695222 -0.0072652375953519152 0.0072823329615508102 0.02700733221974639 0.002816103912485885 0.02923193338352623 0 -0.016036087699299342 0.0016980130398776716 -0.0050977805697317892 -0.006350491752953118
leaf_weight=50.24215223826468 18.708400094881654 15.167092157527806 36.79059611260891 21.731239685788751 19.06031071767211 10.926549024879931 11.245956040918825 4.0037037432193747 5.448283063247799 3.1860341392457476
leaf_count=2462 214 259 171 189 126 243 124 121 258 79
internal_value=0.000213164 0.0118364 0.0154521 0.00860312 0.0159222 -0.0188099 -0.00232163 -0.022166 -0.0240406 -0.0255675
internal_weight=196.51 122.704 103.995 67.2046 40.7916 73.8067 26.413 62.8802 58.8765 53.4282
internal_count=4246 1083 869 698 315 3163 383 2920 2799 2541
is_linear=0
shrinkage=0.03


Tree=44
num_leaves=13
num_cat=0
split_feature=7 46 24 15 24 42 24 45 121 18 99 54
split_gain=48.6273 9.38278 8.01168 5.48809 7.42532 6.79809 3.94984 3.25103 2.54634 0.494295 0.0763476 0.00216261
threshold=558.75000000000011 3419.0423500000002 1096.5000000000002 29.500000000000004 1949.5000000000002 200.50000000000003 1503.5000000000002 2.5000000000000004 4609.2500000000009 111.50731500000002 7.5000000000000009 171.50000000000003
decision_type=2 2 2 2 2 2 2 2 2 2 2 2
left_child=8 7 -3 4 6 -6 -4 -2 9 10 -1 -11
right_child=1 2 3 -5 5 -7 -8 -9 -10 11 -12 -13
leaf_value=-0.026865013550756506 0.0040781799102867144 -0.0043246312786621938 0.011422812371607452 0.026017358420629969 0.032783580394317412 0.0048066095786054143 -0.0089198824638477246 -0.019988276405349871 0 -0.013329044442527672 -0.0077612084570100465 -0.0011836862720567803
leaf_weight=43.154736869037151 7.0169768724590567 18.717559909448028 14.587202753871678 35.323849450796843 17.536873031407595 16.714542482048273 18.116937438026071 10.405170075595377 3.7120303865522137 3.3815648183226577 3.4845940172672263 3.546905530616641
leaf_count=2326 178 192 140 167 179 126 190 223 143 186 82 114
internal_value=0.000203733 0.00989739 0.0129115 0.0162223 0.0105272 0.0200801 0 -0.00978578 -0.0227319 -0.0243698 -0.0259454 -0.00993687
internal_weight=195.699 138.419 120.997 102.279 66.9556 34.2514 32.7041 17.4221 57.2798 53.5678 46.6393 6.92847
internal_count=4246 1395 994 802 635 305 330 401 2851 2708 2408 300
is_linear=0
shrinkage=0.03


Tree=45
num_leaves=9
num_cat=0
split_feature=7 83 136 32 64 35 35 46
split_gain=47.1995 7.92882 8.64486 5.75855 5.87963 4.81033 3.81908 5.30607
threshold=558.75000000000011 12.500000000000002 47.500000000000007 447.50000000000006 1.0000000180025095e-35 128.50000000000003 22.500000000000004 5016.1376500000015
decision_type=2 2 2 2 2 2 2 2
left_child=6 3 5 -2 -5 -3 -1 -8
right_child=1 2 -4 4 -6 -7 7 -9
leaf_value=-0.027355023990616942 0.01526424628015402 0.032174328665769115 0.0022020432750477748 -0.019675116357236823 0.0038578125542038117 0.012430454163576549 0.010291739473077582 -0.022901170803428798
leaf_weight=41.106810154393315 15.505113000050185 26.176245616748929 31.169128177687526 15.303595019504426 20.597604155540466 28.26787693798542 6.6548230499029151 8.2068833950906974
leaf_count=2332 293 224 214 265 216 169 247 270
internal_value=0.000358842 0.00991534 0.0154599 0.00027635 -0.00602841 0.0226028 -0.022537 -0.00738048
internal_weight=192.988 137.02 85.6133 51.4063 35.9012 54.4441 55.9685 14.8617
internal_count=4230 1381 607 774 481 393 2849 517
is_linear=0
shrinkage=0.03


Tree=46
num_leaves=9
num_cat=0
split_feature=7 83 138 34 32 64 128 100
split_gain=45.1149 7.38308 9.79834 7.41012 5.39302 5.6506 3.26189 1.5797
threshold=558.75000000000011 12.500000000000002 53.500000000000007 325.50000000000006 447.50000000000006 1.0000000180025095e-35 2.5000000000000004 2.5000000000000004
decision_type=2 2 2 2 2 2 2 2
left_child=6 4 3 -3 -2 -6 7 -1
right_child=1 2 -4 -5 5 -7 -8 -9
leaf_value=-0.027338282381157333 0.014657231562264721 0.030943134159907126 0.00032367979918146005 0.0074506090426083339 -0.019410363132228662 0.0037384429219148351 0 -0.0091347641899503663
leaf_weight=40.984067346900702 15.701181171461938 34.053777581080794 29.54560799524188 22.668058097362518 15.0642491299659 20.648771936073899 4.5628249254077664 9.2451776042580587
leaf_count=2364 293 279 198 130 265 216 204 281
internal_value=0.000350041 0.00958898 0.0149071 0.0221063 0.000265441 -0.00588021 -0.0223525 -0.0245243
internal_weight=192.474 137.682 86.2674 56.7218 51.4142 35.713 54.7921 50.2292
internal_count=4230 1381 607 409 774 481 2849 2645
is_linear=0
shrinkage=0.03


Tree=47
num_leaves=9
num_cat=0
split_feature=7 24 48 138 56 18 10 27
split_gain=43.1228 7.34861 8.28425 7.90653 4.35776 3.75674 3.24054 3.08167
threshold=558.75000000000011 1111.5000000000002 1072.6192000000003 59.500000000000007 54.500000000000007 49.01250000000001 136.35000000000002 1015.5000000000001
decision_type=2 2 2 2 2 2 2 2
left_child=4 -2 6 7 -1 -6 -3 -4
right_child=1 2 3 -5 5 -7 -8 -9
leaf_value=-0.02779484258925613 -0.0054187758529656146 0.0079986781286483337 0.030568313615121408 0.0024464137449413457 -0.021891840749496842 0.004972177121369401 -0.013693859148974136 0.015023906569564881
leaf_weight=37.739340601488948 23.435298746451735 9.9691167343407887 26.95967173948884 28.410110127180815 7.3267761347815386 8.5829703388735634 12.220013126730917 37.344688773155212
leaf_count=2310 282 239 222 201 267 272 194 243
internal_value=0.000340012 0.00927245 0.0124191 0.0163552 -0.0221668 -0.00707522 -0.00337635 0.0221389
internal_weight=191.988 138.339 114.904 92.7145 53.6491 15.9097 22.1891 64.3044
internal_count=4230 1381 1099 666 2849 539 433 465
is_linear=0
shrinkage=0.03


Tree=48
num_leaves=10
num_cat=0
split_feature=7 0 24 132 56 56 0 18 45
split_gain=41.2175 7.04159 6.11812 7.75091 7.03696 4.34402 4.1652 3.63756 3.38512
threshold=558.75000000000011 88.500000000000014 2081.5000000000005 38.500000000000007 476.00000000000006 54.500000000000007 31.500000000000004 49.01250000000001 3.5000000000000004
decision_type=2 2 2 2 2 2 2 2 2
left_child=5 2 3 -2 8 -1 -4 -7 -5
right_child=1 -3 6 4 -6 7 -8 -9 -10
leaf_value=-0.027708820024545004 0.020158257086491247 0.021589060089037042 0.026982252507137532 0 0.0043531759338564478 -0.02170689653162872 0.003667733636039049 0.0048183457016488544 -0.022741242807083759
leaf_weight=36.739028595387936 13.705025004222987 30.657494153827429 15.28067270293832 9.5832795687019843 36.396554138511419 7.178298049606382 15.582518193870781 8.6225959481671435 17.717728471383452
leaf_count=2310 178 150 197 212 254 267 107 272 283
internal_value=0.000325452 0.00896564 0.00508893 0.000330816 -0.003949 -0.0219811 0.0161663 -0.00691395 -0.0153099
internal_weight=191.463 138.923 108.266 77.4026 63.6976 52.5399 30.8632 15.8009 27.301
internal_count=4230 1381 1231 927 749 2849 304 539 495
is_linear=0
shrinkage=0.03


Tree=49
num_leaves=9
num_cat=0
split_feature=7 24 46 138 122 56 56 122
split_gain=39.4314 6.75713 8.56249 8.72446 6.50779 4.32837 3.42082 3.19713
threshold=558.75000000000011 1096.5000000000002 15739.730000000001 59.500000000000007 213.50000000000003 54.500000000000007 149.50000000000003 124.50000000000001
decision_type=2 2 2 2 2 2 2 2
left_child=5 -2 4 -4 7 -1 -7 -3
right_child=1 2 3 -5 -6 6 -8 -9
leaf_value=-0.027621539750941081 -0.0056612852379598457 0.0010454971419473682 0.025395685826809167 0.0026550464330501004 0.014233054606888593 0.0079869637704982413 -0.018063988057681432 -0.018651111068214321
leaf_weight=35.767310654744506 22.696566624566913 13.081065269187095 47.46062471345067 24.75983352959156 18.681712510064244 6.3647961234673849 9.3302021138370019 12.70056141540408
leaf_count=2310 273 285 292 149 178 273 266 204
internal_value=0.000317454 0.00868535 0.0116278 0.017947 0.000864915 -0.0217938 -0.00675545 -0.00843149
internal_weight=190.843 139.38 116.684 72.2205 44.4633 51.4623 15.695 25.7816
internal_count=4230 1381 1108 441 667 2849 539 489
is_linear=0
shrinkage=0.03


Tree=50
num_leaves=13
num_cat=0
split_feature=7 7 68 3 58 115 116 0 121 143 28 99
split_gain=37.2401 6.69332 6.9093 8.40992 8.70941 5.70663 4.62902 3.86932 2.59371 1.05784 0.660664 0.277377
threshold=558.75000000000011 19709.465000000004 28.500000000000004 4.5000000000000009 40.500000000000007 0.085498205000000008 0.0029628236000000005 12.500000000000002 4609.2500000000009 1.5000000000000002 14.500000000000002 6.5000000000000009
decision_type=2 2 2 2 2 2 2 2 2 2 2 2
left_child=8 2 3 4 7 6 -5 -2 9 10 -1 -12
right_child=1 -3 -4 5 -6 -7 -8 -9 -10 -11 11 -13
leaf_value=-0.0013566126956645046 -0.020764114600983315 0.020439867119663304 0.021877283342164593 -0.0079436237542745182 0.025577204553951745 -0.018305941597145516 0.011709040949901245 0.010016718477173258 0.00028642691534633529 -0.0018981108647164308 -0.026317724052211767 -0.0056110558136506297
leaf_weight=2.561556718312203 6.311138045042755 32.512932751327753 16.805749777704477 22.042641207575798 19.699224386364222 19.153361588716507 19.009607380256057 5.8338419757783413 3.3482020413503042 3.7155707776546469 38.171843412332237 3.1485673524439326
leaf_count=84 189 149 97 194 282 197 152 123 135 211 2358 91
internal_value=0.000549414 0.00855483 0.00471472 0.00121867 0.0135814 -0.00519029 0.000862052 -0.00520021 -0.021113 -0.0229019 -0.0242642 -0.0252642
internal_weight=192.314 141.368 108.856 92.0498 31.8442 60.2056 41.0522 12.145 50.9457 47.5975 43.882 41.3204
internal_count=4262 1383 1234 1137 594 543 346 312 2879 2744 2533 2449
is_linear=0
shrinkage=0.03


Tree=51
num_leaves=12
num_cat=0
split_feature=7 64 12 30 118 67 30 31 54 54 127
split_gain=35.6073 6.8609 5.9936 5.25926 12.2725 8.62974 5.49788 4.19087 2.62282 3.05202 2.48211
threshold=558.75000000000011 8.5000000000000018 258.50000000000006 4808.0000000000009 0.0031123035000000005 1.5000000000000002 7487.5000000000009 1328.5000000000002 128.50000000000003 200.50000000000003 1.5000000000000002
decision_type=2 2 2 2 2 2 2 2 2 2 2
left_child=8 2 3 4 5 -2 -5 -6 -1 -10 -11
right_child=1 -3 -4 6 7 -7 -8 -9 9 10 -12
leaf_value=-0.026994287986809126 -0.00053305042480395685 0.022453619531415898 0.021909605082435481 -0.015096058901940088 -0.018904988565701063 0.03070119415982139 0.0052830756822135946 0.004420734084266088 0.0094120107651492202 -0.022931041856972437 0.00010086321581385515
leaf_weight=29.578371200710535 10.807599261403082 24.89510352909565 15.397009667009113 23.846917705610394 12.621332067996265 21.610159266740084 20.72398223169148 11.896304333582519 3.8846011003479388 12.17967926617712 4.3206152878701678
leaf_count=2077 229 131 74 222 214 239 140 134 202 459 141
internal_value=0.000526972 0.00828255 0.00497268 0.00206859 0.0081533 0.0201349 -0.00538328 -0.00726948 -0.0209201 -0.0105548 -0.0163818
internal_weight=191.762 141.798 116.903 101.506 56.9354 32.4178 44.5709 24.5176 49.9633 20.3849 16.5003
internal_count=4262 1383 1252 1178 816 468 362 348 2879 802 600
is_linear=0
shrinkage=0.03


Tree=52
num_leaves=12
num_cat=0
split_feature=7 64 104 0 24 0 106 35 54 41 118
split_gain=34.02 6.39911 5.16081 7.82956 5.82773 7.45075 8.17634 2.85221 2.63468 2.96294 0.6595
threshold=558.75000000000011 8.5000000000000018 1.5000000000000002 44.500000000000007 2096.5000000000005 26.500000000000004 4.5000000000000009 21.500000000000004 128.50000000000003 2.5000000000000004 0.0012007505500000002
decision_type=2 2 2 2 2 2 2 2 2 2 2
left_child=8 2 3 4 5 6 7 -2 -1 -10 -11
right_child=1 -3 -4 -5 -6 -7 -8 -9 9 10 -12
leaf_value=-0.026894362670738289 0.0015126911743472749 0.021669434306308077 -0.0046303320446351567 0.020113498630927071 0.01715817884575568 -0.023891157277582543 0.02374032749144318 -0.022417484122850381 0.0066930198341419046 -0.022982233430658333 -0.0052282010266226399
leaf_weight=28.812910037115216 7.652147304266693 25.055822238326073 34.087034679949284 32.679084707051516 13.874605258926747 11.664408795535563 10.21581035479903 6.9292301405221224 5.0350760007277158 8.5410802299156767 6.5850833244621745
leaf_count=2077 203 131 246 214 179 134 134 142 245 333 224
internal_value=0.000512521 0.00802476 0.00481951 0.00888719 0.00105686 -0.00496417 0.00393848 -0.0096054 -0.0207175 -0.0103273 -0.0169868
internal_weight=191.132 142.158 117.102 83.0153 50.3362 36.4616 24.7972 14.5814 48.9741 20.1612 15.1262
internal_count=4262 1383 1252 1006 792 613 479 345 2879 802 557
is_linear=0
shrinkage=0.03


Tree=53
num_leaves=13
num_cat=0
split_feature=54 11 6 37 18 55 43 98 90 52 114 78
split_gain=32.1249 8.87015 5.94116 4.68287 10.6427 6.94006 5.31897 6.16486 3.62581 5.97942 1.08388 0.371789
threshold=125.50000000000001 783.35000000000014 30611.380000000001 2.5000000000000004 111.50731500000002 219.50000000000003 33.500000000000007 24.500000000000004 8.5000000000000018 1.5000000000000002 0.045161652000000004 17.500000000000004
decision_type=2 2 2 2 2 2 2 2 2 2 2 2
left_child=11 2 3 4 -2 10 -7 8 9 -8 -5 -1
right_child=1 -3 -4 5 -6 6 7 -9 -10 -11 -12 -13
leaf_value=-0.027960477432351635 -0.010614301546719853 0.019579762696390529 0.018396897690138164 -0.026979352923819856 0.041580180037004338 0.018183491667515074 -0.015622656218208634 0.010295941545918322 -0.018342104774669101 0.010871839550886327 -0.0045381782648624457 -0.0063094132341412453
leaf_weight=28.581399059854451 5.5966299222782236 33.814146608114243 16.640592075884342 9.6117433663457614 6.1641643708571792 12.367595577612517 13.305397540330889 21.571907065808773 19.193651936948299 15.27497219853103 5.152624166570603 3.3394550643861285
leaf_count=2002 229 160 85 318 151 258 200 136 181 203 150 189
internal_value=0.000489888 0.00612648 0.00223791 -0.000254726 0.0166815 -0.0026231 0.000707564 -0.00241015 -0.00854847 -0.00106657 -0.0208838 -0.0264115
internal_weight=190.614 158.693 124.879 108.239 11.7608 96.4779 81.7135 69.3459 47.774 28.5804 14.7644 31.9209
internal_count=4262 2071 1911 1826 380 1446 978 720 584 403 468 2191
is_linear=0
shrinkage=0.03


Tree=54
num_leaves=12
num_cat=0
split_feature=7 116 0 24 27 27 60 12 54 54 127
split_gain=31.3793 5.87117 4.96963 5.32077 6.43875 5.44432 3.29216 2.6911 2.57116 2.97228 2.44495
threshold=558.75000000000011 5.1655502000000006e-05 88.500000000000014 2081.5000000000005 723.50000000000011 1081.5000000000002 47.500000000000007 33.500000000000007 128.50000000000003 200.50000000000003 1.5000000000000002
decision_type=2 2 2 2 2 2 2 2 2 2 2
left_child=8 7 3 4 -3 6 -6 -2 -1 -10 -11
right_child=1 2 -4 -5 5 -7 -8 -9 9 10 -12
leaf_value=-0.026693044392970437 -0.01692218502273151 0.015681925668037718 0.021031315598150416 0.017236194859802465 -0.022065709472926597 0.0087288237098690422 -0.00085797134586002846 0.0023975966069974502 0.0095532844504762869 -0.022660573154522367 0.00032971122526545766
leaf_weight=27.368245450779796 9.9662281032651681 18.861277079209685 29.392620600759983 27.424497162923217 14.636522972956302 15.452115962281821 14.223996195942162 12.765820706263183 3.8673718878999379 11.796081548556687 4.2830589469522229
leaf_count=2077 229 228 135 233 207 126 96 129 202 459 141
internal_value=0.000468898 0.00757385 0.0102578 0.00640741 0.00127743 -0.00473345 -0.0124945 -0.0057967 -0.0203656 -0.0101079 -0.0159976
internal_weight=190.038 142.723 119.991 90.5984 63.1739 44.3126 28.8605 22.732 47.3148 19.9465 16.0791
internal_count=4262 1383 1025 890 657 429 303 358 2879 802 600
is_linear=0
shrinkage=0.03


Tree=55
num_leaves=10
num_cat=0
split_feature=7 46 135 115 41 142 32 114 143
split_gain=33.7762 6.17929 6.52184 8.68197 4.44736 6.02642 3.52936 2.19765 1.83075
threshold=558.75000000000011 13427.695500000002 53.500000000000007 0.070801040000000023 3.5000000000000004 2.5000000000000004 737.50000000000011 0.036158943500000006 1.5000000000000002
decision_type=2 2 2 2 2 2 2 2 2
left_child=6 4 3 -3 -2 7 8 -6 -1
right_child=1 2 -4 -5 5 -7 -8 -9 -10
leaf_value=-0.0260848789805984 0.016025832783637048 0.02742080355024647 0.0001428966021173515 0.0045280662117828455 -0.024698436133802164 0.0082026823847867313 0 -0.0037715486534598227 0
leaf_weight=36.202332396060228 10.544589625671504 37.260332137346268 27.775655755773187 28.103811468929052 10.721372250467541 15.557764234021304 7.0100536029785863 11.307348603382705 3.1783392857760182
leaf_count=2413 235 227 181 191 174 212 256 150 206
internal_value=0.00105769 0.00843417 0.0129066 0.0180205 -1.78266e-06 -0.00518573 -0.0207929 -0.0152382 -0.0242087
internal_weight=187.662 141.271 93.1398 65.3641 48.1311 37.5865 46.3907 22.0287 39.3807
internal_count=4245 1370 599 418 771 536 2875 324 2619
is_linear=0
shrinkage=0.03


Tree=56
num_leaves=12
num_cat=0
split_feature=54 20 69 136 138 47 9 20 56 78 62
split_gain=30.3696 9.42933 8.12766 6.18719 3.88175 4.86576 3.75888 7.02829 3.30476 0.485388 0.200534
threshold=128.50000000000003 137.56666500000003 4.5000000000000009 47.500000000000007 49.500000000000007 6690.9815000000008 255.90000000000003 44.45000000000001 142.50000000000003 17.500000000000004 1.5000000000000002
decision_type=2 2 2 2 2 2 2 2 2 2 2
left_child=9 2 3 6 5 -3 7 8 -2 -1 -5
right_child=1 4 -4 10 -6 -7 -8 -9 -10 -11 -12
leaf_value=-0.027763981500266915 0.0075634701779248832 0.0059291209036189414 0.011426130697587567 -0.010771816195463352 0.003267781836443542 0.026725402107171333 -0.0091764692671368279 0.032722384600293475 -0.022750517086561665 -0.0051082928521592715 -0.027551552948546137
leaf_weight=26.721612689085308 6.426477122120561 19.388867758214474 31.58617340400815 6.977419767528775 23.522076354362071 29.614214632660151 19.875629677437246 6.2246466157957903 4.3421004768460989 3.1400179099291554 9.3913156138733012
leaf_count=2007 282 236 248 219 182 164 259 163 125 188 172
internal_value=0.00102529 0.0064022 -0.000237892 -0.00751786 0.0142699 0.0190801 -0.000145833 0.00950591 -0.00427967 -0.0261104 -0.0222946
internal_weight=187.211 157.349 84.8238 53.2376 72.5252 49.0031 36.8689 16.9932 10.7686 29.8616 16.3687
internal_count=4245 2050 1468 1220 582 400 829 570 407 2195 391
is_linear=0
shrinkage=0.03


Tree=57
num_leaves=10
num_cat=0
split_feature=7 46 42 44 130 7 120 32 143
split_gain=31.1399 5.53968 9.73392 7.03046 4.05215 3.99552 3.72385 3.44934 1.85283
threshold=558.75000000000011 13427.695500000002 222.50000000000003 142.50000000000003 2.5000000000000004 5941.3750000000009 37.500000000000007 737.50000000000011 1.5000000000000002
decision_type=2 2 2 2 2 2 2 2 2
left_child=7 4 -3 -4 -2 6 -6 8 -1
right_child=1 2 3 -5 5 -7 -8 -9 -10
leaf_value=-0.025882540327411292 0.011001065228017864 0.026825855880562716 -0.0049335058504614256 0.014257678828703796 0.00070952501306102678 0.0076665863844014304 -0.023205843091601449 0 0
leaf_weight=34.719332645647228 17.13282123208046 27.961167907342315 29.772561777383089 36.072472929954529 7.8096149805933299 9.7786139063537103 13.413680646568535 6.9869445431977502 3.1192340850830069
leaf_count=2413 281 225 182 192 190 70 230 256 206
internal_value=0.000988463 0.00795814 0.0121686 0.00541178 -2.27018e-05 -0.00673697 -0.0140947 -0.0204459 -0.0239409
internal_weight=186.766 141.941 93.8062 65.845 48.1347 31.0019 21.2233 44.8255 37.8386
internal_count=4245 1370 599 374 771 490 420 2875 2619
is_linear=0
shrinkage=0.03


Tree=58
num_leaves=12
num_cat=0
split_feature=54 21 46 34 40 108 32 21 99 78 117
split_gain=28.3196 7.42281 7.19782 11.155 5.7313 8.93093 5.93482 5.42765 4.90533 0.51016 0.0848962
threshold=128.50000000000003 2339.5000000000005 22779.191000000003 325.50000000000006 6.5000000000000009 1.5000000000000002 289.50000000000006 1651.5000000000002 8.5000000000000018 17.500000000000004 0.0074533883500000004
decision_type=2 2 2 2 2 2 2 2 2 2 2
left_child=9 2 4 -4 6 8 -2 -7 10 -1 -6
right_child=1 -3 3 -5 5 7 -8 -9 -10 -11 -12
leaf_value=-0.02762075704705921 -0.0025928847891722329 0.028380301970752687 0.022647935842702374 -0.0002213144068182349 -0.027325475882134721 0.020212121590738069 0.040780815323125379 -0.0044718819860781744 0.0017287165969300958 -0.0047308917759458363 -0.013822541284343799
leaf_weight=25.495143583044413 4.7140509076416475 11.592367357574402 34.876924256794155 38.506516112014651 14.424899349920453 12.394442584365608 4.2100315354764462 17.615254050120711 8.4582234136760217 3.0802838290110222 10.965379969216881
leaf_count=2007 168 103 284 220 364 190 147 186 99 188 289
internal_value=0.000959012 0.00605181 0.00399821 0.0106044 -0.00251274 -0.00590595 0.0184051 0.00556229 -0.0163718 -0.0259039 -0.0228071
internal_weight=186.334 157.758 146.166 73.3834 72.7823 63.8582 8.92408 30.0097 33.8485 28.5754 25.3903
internal_count=4245 2050 1947 504 1443 1128 315 376 752 2195 653
is_linear=0
shrinkage=0.03


Tree=59
num_leaves=11
num_cat=0
split_feature=7 138 46 21 7 21 42 58 32 143
split_gain=28.7561 5.00569 7.17161 7.2051 4.88455 4.12879 3.90051 6.98259 3.34901 1.86524
threshold=558.75000000000011 60.500000000000007 13080.405000000001 1634.5000000000002 5772.6250000000009 1672.5000000000002 109.50000000000001 43.500000000000007 737.50000000000011 1.5000000000000002
decision_type=2 2 2 2 2 2 2 2 2 2
left_child=8 2 4 -4 6 -3 7 -2 9 -1
right_child=1 5 3 -5 -6 -7 -8 -9 -10 -11
leaf_value=-0.025675560526964632 -0.018832246759778619 0.0088867687522025552 0.0032842200550234077 0.024210176098632252 0.015820428298439677 -0.010697163517902359 -0.022088634061144505 0.017052497273475405 0 0
leaf_weight=33.306645813398063 7.5660397149622503 16.192844888195395 25.909334667026997 41.939954329282045 11.587527271360157 20.50636382587254 8.7241838220506889 10.203777825459836 6.9836231721565118 3.0685956543311468
leaf_count=2413 223 165 187 244 87 180 120 164 256 206
internal_value=0.000925792 0.00751774 0.0108205 0.0166009 0 -0.00165171 -0.0067309 0.000785017 -0.020101 -0.0236684
internal_weight=185.989 142.63 105.931 67.8493 38.0815 36.6992 26.494 17.7698 43.3589 36.3752
internal_count=4245 1370 1025 431 594 345 507 387 2875 2619
is_linear=0
shrinkage=0.03


Tree=60
num_leaves=14
num_cat=0
split_feature=59 20 111 49 39 27 46 18 47 14 115 117 31
split_gain=22.0932 6.14361 11.7598 6.88027 6.55541 6.3221 4.74999 4.17668 3.60581 3.31408 4.3514 5.90143 2.01396
threshold=7.5000000000000009 139.12583000000004 6.5000000000000009 5075.3370000000004 154.50000000000003 1003.5000000000001 22779.191000000003 86.474000000000018 5896.8650000000007 17.500000000000004 0.076208445000000014 0.014360459500000001 633.50000000000011
decision_type=2 2 2 2 2 2 2 2 2 2 2 2 2
left_child=7 2 3 6 5 -3 8 -1 9 10 -2 -12 -9
right_child=1 4 -4 -5 -6 -7 -8 12 -10 -11 11 -13 -14
leaf_value=-0.027372928290910981 -0.021020549261588604 0.032010788604925927 0.022948825346236077 -0.022774622778961806 0.0015567153376398028 0.0064711403399433333 0.015789627167707897 -0.016209151994375504 -0.022714770363544187 0.017519002662232264 0.02062666323195473 -0.015880851903921953 0.0051875589203668956
leaf_weight=23.737130208872259 9.133471469394868 19.577322476543486 14.903931170701979 15.195316820405422 33.260167416185141 19.338982204906642 11.582532395608721 6.0736718801781517 7.4952890556305638 6.1131122745573512 7.9406981775537115 5.921401746571064 6.7634191773831844
leaf_count=1941 261 219 76 147 182 143 111 315 106 59 243 213 231
internal_value=0.000505621 0.00568847 0 -0.00585623 0.0119389 0.020175 0 -0.0200008 -0.00550117 0 -0.0057724 0.00400341 -0.00429173
internal_weight=187.036 150.462 78.2858 63.3818 72.1765 38.9163 48.1865 36.5742 36.604 29.1087 22.9956 13.8621 12.8371
internal_count=4247 1760 1216 1140 544 362 993 2487 882 776 717 456 546
is_linear=0
shrinkage=0.03


Tree=61
num_leaves=13
num_cat=0
split_feature=54 7 68 3 1 114 114 33 117 56 14 78
split_gain=26.5078 6.5065 6.56309 7.62829 6.76374 6.12028 4.47292 3.54698 3.45737 2.89365 5.30227 0.568047
threshold=125.50000000000001 17995.155000000002 25.500000000000004 4.5000000000000009 7.5000000000000009 0.048031525500000005 0.027781756500000001 191.50000000000003 0.0043159497500000008 780.00000000000011 19.500000000000004 17.500000000000004
decision_type=2 2 2 2 2 2 2 2 2 2 2 2
left_child=11 2 3 4 5 6 7 -2 -5 10 -10 -1
right_child=1 -3 -4 8 -6 -7 -8 -9 9 -11 -12 -13
leaf_value=-0.028578232943001318 0.016425615479502647 0.016918096547225141 0.01717947186114541 0.0034422102487436761 0.022989499332063467 -0.020638314893291744 0.024839283074944669 -0.013748756361834712 -0.018017449044076286 -0.02186411712323098 0.0065335435052631145 -0.005006443232355654
leaf_weight=23.405256654135886 4.3903072606772247 33.069512642920017 20.315640216693282 15.465840278193353 16.278964380733669 8.5606862371787411 7.7713183639571062 8.4639756642281991 14.182493384927513 17.022004989907146 14.608311960473655 3.1205230401828876
leaf_count=1982 192 147 130 118 241 260 238 291 228 107 120 193
internal_value=0.000489082 0.00521239 0.00194031 -0.000953333 0.00809665 -0.000199494 0.00815212 -0.00191845 -0.00793095 -0.0120823 -0.00525572 -0.0266328
internal_weight=186.655 160.129 127.06 106.744 45.4653 29.1863 20.6256 12.8543 61.2787 45.8128 28.7908 26.5258
internal_count=4247 2072 1925 1795 1222 981 721 483 573 455 348 2175
is_linear=0
shrinkage=0.03


Tree=62
num_leaves=11
num_cat=0
split_feature=54 24 11 67 99 34 120 18 94 78
split_gain=25.5533 7.54572 9.00219 8.80905 4.41195 7.25092 5.16949 4.6745 1.31455 0.569942
threshold=125.50000000000001 2081.5000000000005 914.92500000000007 5.5000000000000009 10.500000000000002 46.500000000000007 82.500000000000014 79.331112500000003 17.500000000000004 17.500000000000004
decision_type=2 2 2 2 2 2 2 2 2 2
left_child=9 2 4 -3 5 7 8 -2 -7 -1
right_child=1 3 -4 -5 -6 6 -8 -9 -10 -11
leaf_value=-0.028516467102185795 -0.010661106767956327 0.033470660193003501 0.01827941242459857 0.0050582671829319872 0.0051675007897758283 -0.0084789376473077792 0 0.020210736953184132 -0.026055015783191918 -0.0049107727410172301
leaf_weight=22.764121210202578 5.7530595958232906 15.039252296090124 20.736303340643644 30.705595916137099 34.056683117523789 9.9389567906036991 13.686771852895616 10.271703720092772 20.141908936202526 3.1055872384458771
leaf_count=1982 275 247 96 199 234 283 124 279 335 193
internal_value=0.000471844 0.00505894 0.000769473 0.0152363 -0.0030932 -0.00805269 -0.0144157 0.00827115 -0.02119 -0.0265291
internal_weight=186.2 160.33 114.585 45.7448 93.8491 59.7924 43.7676 16.0248 30.0809 25.8697
internal_count=4247 2072 1626 446 1530 1296 742 554 618 2175
is_linear=0
shrinkage=0.03


Tree=63
num_leaves=14
num_cat=0
split_feature=55 24 42 11 126 114 106 146 7 51 0 115 49
split_gain=22.5161 6.4192 8.9275 7.77356 4.3678 4.68203 5.38388 2.90956 2.51113 2.37009 1.24 0.712329 1.01098
threshold=128.50000000000003 2081.5000000000005 270.00000000000006 914.92500000000007 1.5000000000000002 0.036684306500000007 4.5000000000000009 2.5000000000000004 5941.3750000000009 6.5000000000000009 21.500000000000004 0.18243125000000002 557.27893000000006
decision_type=2 2 2 2 2 2 2 2 2 2 2 2 2
left_child=7 3 -3 4 5 6 -2 9 10 11 -7 12 -1
right_child=1 2 -4 -5 -6 8 -8 -9 -10 -11 -12 -13 -14
leaf_value=-0.027933109080901714 -0.010190850545665375 0.026792806929521826 0 0.017698409328974582 0.0077873817356487011 -0.0077675880451650607 0.019470622572202681 0.00035561033229187638 -0.0022178993651228471 0.0011734250238926607 -0.025465441859316561 -0.0018279103605665069 -0.00036621967789023704
leaf_weight=26.529626695439227 9.5031311251223105 24.95471328124404 17.908111248165369 20.806260894984007 24.778271820396185 10.517745705321433 9.9938856717199069 4.2765214005485168 15.961875304579733 2.2205545576289287 13.217542082071303 2.6798697505146256 2.445737386122345
leaf_count=1942 259 253 103 96 278 245 129 272 82 114 132 211 131
internal_value=0.000455117 0.00586198 0.0155433 0.00165026 -0.00231103 -0.00684649 0.00448953 -0.0197005 -0.0127562 -0.0226001 -0.0188605 -0.024712 -0.0261965
internal_weight=185.794 147.642 42.8628 104.779 83.9725 59.1942 19.497 38.1523 39.6972 33.8758 23.7353 31.6552 28.9754
internal_count=4247 1577 356 1221 1125 847 388 2670 459 2398 377 2284 2073
is_linear=0
shrinkage=0.03


Tree=64
num_leaves=13
num_cat=0
split_feature=54 7 108 28 118 72 48 108 36 21 117 86
split_gain=23.9274 5.75427 5.32181 7.0949 7.16726 8.3299 4.45157 6.00161 5.89719 5.1903 3.60051 0.323153
threshold=125.50000000000001 17995.155000000002 4.5000000000000009 7.5000000000000009 0.0065276865000000002 1.5000000000000002 5103.2343500000006 1.5000000000000002 4.5000000000000009 2166.5000000000005 0.0064319685000000003 9.5000000000000018
decision_type=2 2 2 2 2 2 2 2 2 2 2 2
left_child=11 2 3 -2 5 6 7 8 -5 10 -10 -1
right_child=1 -3 -4 4 -6 -7 -8 -9 9 -11 -12 -13
leaf_value=-0.028363422068857821 -0.015046360644040149 0.015769778746855822 0.013922683223738836 0.024918006303885121 -0.020088617407127068 0.031576861842274824 -0.013222971092743827 0.022536247056429586 -0.02420168310259559 0.012371009830202557 0 -0.0068674944943761451
leaf_weight=21.309076223522428 24.556824078783393 33.213037542998791 24.851076111197472 5.6723079755902281 9.2093716477975232 9.3651028480380756 12.034962461329995 13.517191117629407 12.179065834730869 7.8691768283024421 8.1667325440794212 3.4398474898189297
leaf_count=1957 223 147 156 206 199 85 154 203 316 135 248 218
internal_value=0.000431632 0.00478673 0.00170664 -0.00121412 0.00308541 0.00664545 0.00201169 0.00638259 -9.22093e-05 -0.00631449 -0.0144852 -0.026341
internal_weight=185.384 160.635 127.422 102.571 78.0139 68.8045 59.4394 47.4045 33.8873 28.215 20.3458 24.7489
internal_count=4247 2072 1925 1769 1546 1347 1262 1108 905 699 564 2175
is_linear=0
shrinkage=0.03


Tree=65
num_leaves=14
num_cat=0
split_feature=54 27 10 115 114 127 120 14 50 59 27 31 68
split_gain=21.4855 5.79567 5.89384 4.3016 7.24226 4.52034 6.43087 2.10423 2.08636 1.45733 2.3317 1.05777 0.217675
threshold=406.50000000000006 666.50000000000011 856.90000000000009 0.070361790000000021 0.06824678200000002 1.5000000000000002 99.500000000000014 15.500000000000002 30.500000000000004 2.5000000000000004 566.50000000000011 513.50000000000011 3.5000000000000004
decision_type=2 2 2 2 2 2 2 2 2 2 2 2 2
left_child=8 2 12 5 7 6 -3 -5 9 -1 -11 -12 -2
right_child=1 3 -4 4 -6 -7 -8 -9 -10 10 11 -13 -14
leaf_value=-0.027122865516249095 -0.026027666195073927 -0.0034337813562536046 0.0059149301291179669 0.0013004673175079156 -0.012679170126308602 0.023199291207529182 0.019329211466472814 0.01815132359182885 0.002800460296452166 0.0031734586430811709 0 -0.023417168194362181 -0.0095797919990365035
leaf_weight=21.464270849712193 7.1534651611000317 24.147554158233106 14.556876886636017 15.643169527873399 19.449727335944772 24.330265877768397 18.180737249553204 14.590933050960301 2.1416295869275919 4.7619298817589906 3.2650494007393709 8.995880230329929 7.2886649984866381
leaf_count=1881 193 270 89 242 153 182 91 91 118 255 185 386 116
internal_value=-0.000425185 0.00490493 -0.0066536 0.00794594 0.000894849 0.0128889 0.00621758 0.0102337 -0.0195127 -0.0211737 -0.0117514 -0.0184813 -0.019856
internal_weight=185.97 145.341 28.999 116.342 49.6838 66.6586 42.3283 30.2341 40.6288 38.4871 17.0229 12.2609 14.4421
internal_count=4252 1427 398 1029 486 543 361 333 2825 2707 826 571 309
is_linear=0
shrinkage=0.03


Tree=66
num_leaves=11
num_cat=0
split_feature=54 24 15 110 12 49 120 50 56 33
split_gain=20.5769 5.22166 4.73929 7.4941 5.69089 5.07014 4.38344 2.04973 1.4844 1.04779
threshold=406.50000000000006 1018.5000000000001 30.500000000000004 4.5000000000000009 17.500000000000004 1291.8491500000002 28.500000000000004 30.500000000000004 133.50000000000003 424.50000000000006
decision_type=2 2 2 2 2 2 2 2 2 2
left_child=7 -2 3 4 6 -6 -3 8 9 -1
right_child=1 2 -4 -5 5 -7 -8 -9 -10 -11
leaf_value=-0.023932072922791696 -0.0088719128333155147 0.0074954579269163723 0.016368392443626669 -0.0078124045316154645 0.026326177004272963 0.0042683414936710235 -0.022042446233220794 0.0027381820751288598 0 0
leaf_weight=32.765023352578282 19.935886044055223 9.2580932034179551 35.268013425171375 33.055142948403955 19.934835379943252 21.320020927116275 6.6504191765561691 2.1472867392003527 2.9267348609864703 2.0578308003023258
leaf_count=2523 265 230 161 215 244 162 150 118 96 88
internal_value=-0.000418223 0.00475688 0.00709368 0.0031639 0.00979412 0.0156527 -0.00453883 -0.0193031 -0.0209823 -0.0226609
internal_weight=185.319 145.422 125.487 90.2185 57.1634 41.2549 15.9085 39.8969 37.7496 34.8229
internal_count=4252 1427 1162 1001 786 406 380 2825 2707 2611
is_linear=0
shrinkage=0.03


Tree=67
num_leaves=13
num_cat=0
split_feature=54 27 11 115 28 15 16 27 18 54 0 19
split_gain=19.6768 5.31987 5.55828 3.97536 5.01621 4.62303 8.16988 6.05583 2.03327 2.87864 1.84339 0.50265
threshold=406.50000000000006 666.50000000000011 129.86000000000004 0.070361790000000021 11.500000000000002 29.500000000000004 6.5000000000000009 1121.5000000000002 111.50731500000002 128.50000000000003 24.500000000000004 85.558682000000019
decision_type=2 2 2 2 2 2 2 2 2 2 2 2
left_child=8 2 -2 5 -5 6 7 -3 11 -10 -6 -1
right_child=1 3 -4 4 10 -7 -8 -9 9 -11 -12 -13
leaf_value=-0.02520490475126886 -0.019161005714494941 0.0015734230364140994 0.0059412967746499132 -0.0074251030458581564 0.00077229020578832022 0.023197016937662161 -0.0093071381784847231 0.030836130321831974 -0.022588054866562447 0.004694898659593179 0.019343347465117032 -0.0026203986307495103
leaf_weight=24.881579032167796 14.604443083517255 14.55109932087362 14.171261224895714 27.476577635854483 10.967317192815246 22.749279621988535 17.359625022858381 12.405792349018155 4.596438789740203 6.9288654820993543 11.356037542223929 2.7504906114190808
leaf_count=2180 291 213 107 185 197 101 107 122 290 209 104 146
internal_value=-0.000406471 0.00460877 -0.00651067 0.00750596 0.000724565 0.0122365 0.00589135 0.0161982 -0.0190839 -0.00592301 0.0112869 -0.0236508
internal_weight=184.799 145.641 28.7757 116.866 49.7999 67.0658 44.3165 26.9569 39.1574 11.5253 22.3234 27.6321
internal_count=4252 1427 398 1029 486 543 442 335 2825 499 301 2326
is_linear=0
shrinkage=0.03


Tree=68
num_leaves=13
num_cat=0
split_feature=7 62 46 42 44 121 28 121 9 143 61 18
split_gain=17.2677 5.69389 3.96303 11.7465 7.00787 4.54582 4.50583 3.05019 1.61459 1.51989 0.359195 0.485227
threshold=558.75000000000011 1.0000000180025095e-35 9881.6545000000024 222.50000000000003 146.50000000000003 15499.700000000003 32.500000000000007 4609.2500000000009 657.4000000000002 1.5000000000000002 15.500000000000002 146.77083000000002
decision_type=2 2 2 2 2 2 2 2 2 2 2 2
left_child=7 8 5 -4 -5 6 -3 9 -2 10 11 -1
right_child=1 2 3 4 -6 -7 -8 -9 -10 -11 -12 -13
leaf_value=-0.025463124188630993 0 -0.023604263931973308 0.024710409045229077 -0.0074174692559437283 0.01195642795453962 0.0117067701032078 0.0032309693800261869 0.0069937588584702585 -0.016793478044910902 0 -0.0028690567488065407 -0.0030960435883361781
leaf_weight=26.177451335825033 9.4501693174242991 10.720750367268925 30.65694896504283 32.327197372913361 32.245069466531277 11.230743026360868 8.8018758464604598 2.5878722071647635 11.493136294186113 2.9689360586926332 2.7438317509368053 2.8322178022935978
leaf_count=2252 229 177 236 192 160 101 187 130 125 211 81 171
internal_value=-0.000393396 0.00417507 0.00666026 0.00969087 0.0020632 -0.00226142 -0.0112067 -0.0184147 -0.00971303 -0.0208711 -0.0227343 -0.0239552
internal_weight=184.236 146.926 125.983 95.2292 64.5723 30.7534 19.5226 37.3103 20.9433 34.7224 31.7535 29.0097
internal_count=4252 1407 1053 588 352 465 364 2845 354 2715 2504 2423
is_linear=0
shrinkage=0.03


Tree=69
num_leaves=12
num_cat=0
split_feature=54 121 37 38 115 28 18 121 54 54 19
split_gain=18.2264 4.76283 5.64399 5.54951 4.14616 3.99415 1.97999 2.89841 6.29908 0.997174 0.515806
threshold=406.50000000000006 9207.8250000000025 9.5000000000000018 295.50000000000006 0.068816625000000006 12.500000000000002 111.50731500000002 6905.9000000000005 128.50000000000003 804.50000000000011 85.558682000000019
decision_type=2 2 2 2 2 2 2 2 2 2 2
left_child=6 2 9 4 -3 -4 10 8 -8 -2 -1
right_child=1 3 5 -5 -6 -7 7 -9 -10 -11 -12
leaf_value=-0.024960986986916057 -0.0033615041784390326 0.026278493298523518 -0.0054712833087601732 0.0016898899814695113 0.005986148158462992 0.015027505070529613 -0.020023474336401306 -0.023044287368243623 0.029446828612779877 -0.022912616427118001 -0.0022802497285951129
leaf_weight=23.799867988564078 6.0161625323817161 19.781258407980204 16.479843962937597 56.794573832303286 21.725756872445345 14.812156439758835 3.3413411723449808 4.3490157416090369 3.7299680067226291 10.206647848710416 2.7068235799670211
leaf_count=2180 191 141 180 288 170 251 249 111 139 206 146
internal_value=-0.000389536 0.00436891 -0.00316148 0.00815502 0.0164006 0.00393225 -0.0187117 -0.00570923 0.00462798 -0.0171493 -0.0233573
internal_weight=183.743 145.816 47.5148 98.3016 41.507 31.292 37.927 11.4203 7.07131 16.2228 26.5067
internal_count=4252 1427 828 599 311 431 2825 499 388 397 2326
is_linear=0
shrinkage=0.03


end of trees

feature_importances:
Column_7=50
Column_54=33
Column_58=27
Column_24=25
Column_46=22
Column_55=20
Column_56=20
Column_6=19
Column_18=19
Column_0=18
Column_27=18
Column_114=15
Column_121=15
Column_8=13
Column_118=13
Column_12=12
Column_115=12
Column_15=11
Column_21=10
Column_108=10
Column_122=10
Column_9=9
Column_10=9
Column_19=9
Column_32=9
Column_33=9
Column_138=9
Column_11=8
Column_20=8
Column_42=7
Column_60=7
Column_78=7
Column_13=6
Column_28=6
Column_86=6
Column_99=6
Column_3=5
Column_35=5
Column_37=5
Column_48=5
Column_68=5
Column_83=5
Column_106=5
Column_127=5
Column_143=5
Column_14=4
Column_34=4
Column_40=4
Column_41=4
Column_49=4
Column_52=4
Column_59=4
Column_64=4
Column_69=4
Column_116=4
Column_117=4
Column_120=4
Column_30=3
Column_31=3
Column_45=3
Column_47=3
Column_50=3
Column_51=3
Column_62=3
Column_67=3
Column_71=3
Column_136=3
Column_36=2
Column_38=2
Column_43=2
Column_44=2
Column_57=2
Column_72=2
Column_90=2
Column_94=2
Column_100=2
Column_1=1
Column_16=1
Column_29=1
Column_39=1
Column_53=1
Column_61=1
Column_63=1
Column_66=1
Column_87=1
Column_91=1
Column_96=1
Column_98=1
Column_102=1
Column_104=1
Column_107=1
Column_110=1
Column_111=1
Column_119=1
Column_124=1
Column_126=1
Column_128=1
Column_130=1
Column_132=1
Column_135=1
Column_142=1
Column_145=1
Column_146=1

parameters:
[boosting: gbdt]
[objective: binary]
[metric: auc,binary_logloss]
[tree_learner: serial]
[device_type: cpu]
[data_sample_strategy: bagging]
[data: ]
[valid: ]
[num_iterations: 2000]
[learning_rate: 0.03]
[num_leaves: 127]
[num_threads: -1]
[seed: 20260825]
[deterministic: 0]
[force_col_wise: 0]
[force_row_wise: 0]
[histogram_pool_size: -1]
[max_depth: -1]
[min_data_in_leaf: 150]
[min_sum_hessian_in_leaf: 0.001]
[bagging_fraction: 0.85]
[pos_bagging_fraction: 1]
[neg_bagging_fraction: 1]
[bagging_freq: 5]
[bagging_seed: 20260825]
[bagging_by_query: 0]
[feature_fraction: 0.75]
[feature_fraction_bynode: 1]
[feature_fraction_seed: 20260825]
[extra_trees: 0]
[extra_seed: 27901]
[early_stopping_round: 0]
[early_stopping_min_delta: 0]
[first_metric_only: 0]
[max_delta_step: 0]
[lambda_l1: 0.5]
[lambda_l2: 1]
[linear_lambda: 0]
[min_gain_to_split: 0]
[drop_rate: 0.1]
[max_drop: 50]
[skip_drop: 0.5]
[xgboost_dart_mode: 0]
[uniform_drop: 0]
[drop_seed: 29628]
[top_rate: 0.2]
[other_rate: 0.1]
[min_data_per_group: 100]
[max_cat_threshold: 32]
[cat_l2: 10]
[cat_smooth: 10]
[max_cat_to_onehot: 4]
[top_k: 20]
[monotone_constraints: ]
[monotone_constraints_method: basic]
[monotone_penalty: 0]
[feature_contri: ]
[forcedsplits_filename: ]
[refit_decay_rate: 0.9]
[cegb_tradeoff: 1]
[cegb_penalty_split: 0]
[cegb_penalty_feature_lazy: ]
[cegb_penalty_feature_coupled: ]
[path_smooth: 0]
[interaction_constraints: ]
[verbosity: -1]
[saved_feature_importance_type: 0]
[use_quantized_grad: 0]
[num_grad_quant_bins: 4]
[quant_train_renew_leaf: 0]
[stochastic_rounding: 1]
[linear_tree: 0]
[max_bin: 255]
[max_bin_by_feature: ]
[min_data_in_bin: 3]
[bin_construct_sample_cnt: 200000]
[data_random_seed: 4775]
[is_enable_sparse: 1]
[enable_bundle: 1]
[use_missing: 1]
[zero_as_missing: 0]
[feature_pre_filter: 1]
[pre_partition: 0]
[two_round: 0]
[header: 0]
[label_column: ]
[weight_column: ]
[group_column: ]
[ignore_column: ]
[categorical_feature: ]
[forcedbins_filename: ]
[precise_float_parser: 0]
[parser_config_file: ]
[objective_seed: 9445]
[num_class: 1]
[is_unbalance: 0]
[scale_pos_weight: 1]
[sigmoid: 1]
[boost_from_average: 1]
[reg_sqrt: 0]
[alpha: 0.9]
[fair_c: 1]
[poisson_max_delta_step: 0.7]
[tweedie_variance_power: 1.5]
[lambdarank_truncation_level: 30]
[lambdarank_norm: 1]
[label_gain: ]
[lambdarank_position_bias_regularization: 0]
[eval_at: ]
[multi_error_top_k: 1]
[auc_mu_weights: ]
[num_machines: 1]
[local_listen_port: 12400]
[time_out: 120]
[machine_list_filename: ]
[machines: ]
[gpu_platform_id: -1]
[gpu_device_id: -1]
[gpu_use_dp: 0]
[num_gpu: 1]

end of parameters

pandas_categorical:null
