tree
version=v4
num_class=1
num_tree_per_iteration=1
label_index=0
max_feature_idx=146
objective=binary sigmoid:1
feature_names=Column_0 Column_1 Column_2 Column_3 Column_4 Column_5 Column_6 Column_7 Column_8 Column_9 Column_10 Column_11 Column_12 Column_13 Column_14 Column_15 Column_16 Column_17 Column_18 Column_19 Column_20 Column_21 Column_22 Column_23 Column_24 Column_25 Column_26 Column_27 Column_28 Column_29 Column_30 Column_31 Column_32 Column_33 Column_34 Column_35 Column_36 Column_37 Column_38 Column_39 Column_40 Column_41 Column_42 Column_43 Column_44 Column_45 Column_46 Column_47 Column_48 Column_49 Column_50 Column_51 Column_52 Column_53 Column_54 Column_55 Column_56 Column_57 Column_58 Column_59 Column_60 Column_61 Column_62 Column_63 Column_64 Column_65 Column_66 Column_67 Column_68 Column_69 Column_70 Column_71 Column_72 Column_73 Column_74 Column_75 Column_76 Column_77 Column_78 Column_79 Column_80 Column_81 Column_82 Column_83 Column_84 Column_85 Column_86 Column_87 Column_88 Column_89 Column_90 Column_91 Column_92 Column_93 Column_94 Column_95 Column_96 Column_97 Column_98 Column_99 Column_100 Column_101 Column_102 Column_103 Column_104 Column_105 Column_106 Column_107 Column_108 Column_109 Column_110 Column_111 Column_112 Column_113 Column_114 Column_115 Column_116 Column_117 Column_118 Column_119 Column_120 Column_121 Column_122 Column_123 Column_124 Column_125 Column_126 Column_127 Column_128 Column_129 Column_130 Column_131 Column_132 Column_133 Column_134 Column_135 Column_136 Column_137 Column_138 Column_139 Column_140 Column_141 Column_142 Column_143 Column_144 Column_145 Column_146
feature_infos=[0:344] [0:175] [0:90] [0:60] [0:30] [0:7] [0:1463963.8999999999] [0:1099513.8999999999] [0:746655.25] [0:349560.53000000003] [0:277548.34000000003] [0:172070] [0:56639] [0:24623] [0:13015] [0:6698] [0:2757] [0:490] [0:17722] [0:25296.5] [0:13777.875] [0:2584] [0:2584] [0:2584] [0:2584] [0:2584] [0:2584] [0:2584] [0:2584] [0:2584] [0:76611] [0:37067] [0:16502] [0:8210] [0:10983] [0:6796] [0:3277] [0:1055] [0:21011] [0:13265] [0:10277] [0:3145] [0:19893] [0:12539] [0:8618] [0:2722] [0:1133150.8] [0:645802.06000000006] [0:329430.56] [0:172898.04999999999] [0:193235] [0:137297] [0:53637] [0:31002] [0:332836] [0:146372] [0:62822] [0:32716] [0:37332] [0:14626] [0:6253] [0:4467] [0:506] [0:258] [0:112] [0:88] [0:37128] [0:14500] [0:6209] [0:4457] [0:2757] [0:1444] [0:490] [0:365] [0:30] [0:14] [0:7] [0:3] [0:30] [0:14] [0:7] [0:3] [0:30] [0:14] [0:7] [0:3] [0:30] [0:14] [0:7] [0:3] [0:30] [0:14] [0:7] [0:3] [0:30] [0:14] [0:7] [0:3] [0:30] [0:14] [0:7] [0:3] [0:30] [0:14] [0:7] [0:3] [0:30] [0:14] [0:7] [0:3] [0:30] [0:14] [0:7] [0:3] [0:3.6000000000000001] [0:2] [0:1] [0:1.1285547] [0:1] [0:721] [0:344] [0:1556400] [0:75889] [0:4] [0:3] [0:3] [0:3] [0:3] [0:3] [0:5] [0:5] [0:92] [0:93] [0:96] [0:97] [0:99] [0:100] [0:101] [0:101] [0:3] [0:3] [0:3] [0:3] [0:9] [0:9] [0:9] [0:9]
tree_sizes=2822 2895 3002 2893 3025 3323 2804 3026 3235 3232 3130 3446 3246 3447 3459 3462 3361 3244 3355 3139 3441 3462 3459

Tree=0
num_leaves=26
num_cat=0
split_feature=6 9 55 62 15 58 6 67 6 33 20 56 59 59 61 114 119 50 34 6 20 18 122 55 114
split_gain=2631.79 412.105 205.379 103.905 61.4533 50.558 37.2784 24.3411 22.0154 14.4689 12.7862 10.3488 9.42605 9.34706 7.60261 7.86831 5.34189 4.69458 3.47615 1.73022 1.17576 0.883951 0.683916 0.247787 0.0928078
threshold=8031.1000000000013 4056.3350000000005 512.50000000000011 26.500000000000004 13.500000000000002 81.500000000000014 2431.9150000000004 13.500000000000002 3110.8950000000004 546.50000000000011 138.00455000000002 105.50000000000001 116.50000000000001 7.5000000000000009 8.5000000000000018 0.038597008000000009 1.5000000000000002 2.5000000000000004 54.500000000000007 952.65500000000009 98.987180000000009 33.716056500000001 58.500000000000007 126.50000000000001 0.033918383000000003
decision_type=2 2 2 2 2 2 2 2 2 2 2 2 2 2 2 2 2 2 2 2 2 2 2 2 2
left_child=2 5 6 7 8 -2 13 -3 14 -7 -10 18 -6 19 -4 -16 17 -15 -8 23 21 24 -21 -1 -18
right_child=1 3 4 -5 12 9 11 -9 10 -11 -12 -13 -14 16 15 -17 20 -19 -20 22 -22 -23 -24 -25 -26
leaf_value=-2.834556988856817 -2.7289065508492514 -2.6338216182999408 -2.8116026805834795 -2.3254866192892734 -2.729426989398521 -2.6719400451314357 -2.8145551836512324 -2.4848679881694311 -2.7727913716722061 -2.578864182425773 -2.699404587845593 -2.7584117802409591 -2.6484413314495066 -2.8179645321237556 -2.7439463169927127 -2.7929224938672927 -2.8178810318070431 -2.7814139275669976 -2.7828527438138289 -2.8019534798127803 -2.8055329684620554 -2.8304236190846388 -2.8231565529934199 -2.8133770904739337 -2.8018052948937302
leaf_weight=451.27344617247581 17.485270172357559 11.565492182970049 21.870290905237198 16.38901498913765 11.072177350521089 18.636338114738464 20.554784685373306 19.458529502153397 12.113619774580004 18.362274318933487 11.126990109682081 19.074840188026428 11.291428387165068 14.086879104375837 10.962551832199098 20.828848481178284 11.401053905487062 18.800776392221451 13.81281530857086 11.01736459136009 15.676449120044706 52.1817467212677 23.733924716711044 10.962551832199095 10.962551832199095
leaf_count=8233 319 211 399 299 202 340 375 355 221 335 203 348 206 257 200 380 208 343 252 201 286 952 433 200 200
internal_value=-2.78498 -2.54867 -2.81666 -2.44224 -2.75004 -2.65011 -2.82655 -2.52794 -2.77228 -2.6176 -2.73374 -2.78638 -2.68077 -2.82999 -2.79018 -2.77467 -2.81657 -2.79812 -2.80246 -2.83318 -2.82283 -2.82581 -2.81778 -2.83418 -2.81212
internal_weight=874.702 101.897 772.805 47.413 99.2659 54.4839 673.539 31.024 76.9023 36.9986 23.2406 53.4424 22.3636 620.097 53.6617 31.7914 123.109 32.8877 34.3676 496.987 90.2218 74.5454 34.7513 462.236 22.3636
internal_count=15958 1859 14099 865 1811 994 12288 566 1403 675 424 975 408 11313 979 580 2246 600 627 9067 1646 1360 634 8433 408
is_linear=0
shrinkage=1


Tree=1
num_leaves=26
num_cat=0
split_feature=9 7 8 55 0 102 37 7 58 39 60 121 84 117 117 69 49 7 10 8 126 32 7 116 32
split_gain=2198.1 224.216 204.561 59.4464 52.466 36.1702 26.2217 24.5649 18.9232 18.2646 12.3588 9.45326 9.24396 9.14604 8.89393 6.44649 4.71825 3.40027 2.3595 2.22394 1.73365 1.23455 0.675309 0.634472 0.386199
threshold=1547.3600000000004 9739.3050000000021 374.24000000000007 279.50000000000006 51.500000000000007 2.5000000000000004 15.500000000000002 3192.6700000000005 28.500000000000004 110.50000000000001 95.500000000000014 9209.6450000000023 6.5000000000000009 0.0021715552000000004 0.0064550853500000014 3.5000000000000004 421.78558000000004 668.70000000000016 86.580000000000013 115.64000000000001 1.5000000000000002 611.50000000000011 412.05000000000007 0.0014049879000000002 682.50000000000011
decision_type=2 2 2 2 2 2 2 2 2 2 2 2 2 2 2 2 2 2 2 2 2 2 2 2 2
left_child=2 5 8 11 -3 -2 -7 9 19 12 -6 16 14 -10 -5 -11 21 18 23 24 22 -4 -21 -15 -1
right_child=1 4 3 7 10 6 -8 -9 13 15 -12 -13 -14 17 -16 -17 -18 -19 -20 20 -22 -23 -24 -25 -26
leaf_value=-0.050442302713627256 0.054680410117273717 0.14805788315524404 -0.043342516371069562 -0.010908215115031747 0.21397836418689656 0.071202832182210449 0.18023596370005079 0.089225272434780289 0.010204277554202943 0.029627180659871119 0.332339465473032 0.014008403572662406 -0.02804854822413649 -0.02726797338893246 0.045415987194572995 0.080927773532913416 1.0410067413506545e-05 -0.0058184781074259303 -0.018035244635031488 -0.045326406854940507 -0.014448361968870532 -0.01783987028278294 -0.024240506899110694 -0.048967393868069725 -0.034580565576185461
leaf_weight=439.861144002527 20.738326139748096 16.351117074489594 24.520835615694523 11.17531952634454 23.76931044459343 12.494946472346781 21.114658571779728 22.23298405110836 16.280711472034454 16.191819492727522 26.331063322722912 16.705835901200771 12.179367773234842 15.705168064683674 14.299001753330229 13.694762848317621 11.308218177407978 12.937325309962032 19.588479436933994 31.532780796289444 11.13205588981509 10.962103459984062 13.858012888580559 24.210543148219585 22.795302413403988
leaf_count=8374 353 242 460 202 344 208 332 372 302 289 352 300 217 292 258 237 209 236 361 598 210 204 260 452 431
internal_value=-0.000176754 0.196158 -0.0317679 0.0196533 0.257798 0.114317 0.145977 0.0454393 -0.0447547 0.0288742 0.286555 -0.0170778 0.00501354 -0.0226623 0.0217118 0.0567359 -0.0282958 -0.0301245 -0.035048 -0.0484286 -0.035782 -0.036836 -0.0401835 -0.042138 -0.049813
internal_weight=881.971 120.799 761.172 153.27 66.4515 54.3479 33.6096 89.7733 607.902 67.5403 50.1004 63.497 37.6537 88.7222 25.4743 29.8866 46.7912 72.4415 59.5042 519.179 56.5228 35.4829 45.3908 39.9157 462.656
internal_count=16095 1831 14264 2748 938 893 540 1575 11516 1203 696 1173 677 1643 460 526 873 1341 1105 9873 1068 664 858 744 8805
is_linear=0
shrinkage=0.05


Tree=2
num_leaves=27
num_cat=0
split_feature=9 54 15 8 48 121 10 44 3 27 9 12 115 25 136 67 100 10 120 9 58 32 54 121 33 42
split_gain=1641.92 201.183 131.009 45.7674 42.8699 39.0624 38.8975 21.7461 18.8963 14.838 14.8203 12.353 10.914 10.3855 9.98781 12.1206 6.25977 6.53908 4.76991 2.91829 2.19837 2.13058 1.50513 1.69445 1.01777 0.706621
threshold=1621.9700000000003 900.50000000000011 24.500000000000004 570.75000000000011 2475.6179000000006 9524.3250000000025 3067.0850000000005 143.50000000000003 8.5000000000000018 1155.5000000000002 69.810000000000016 32.500000000000007 0.069541715000000018 1.5000000000000002 49.500000000000007 8.5000000000000018 3.5000000000000004 113.85000000000001 22.500000000000004 235.85000000000005 40.500000000000007 583.50000000000011 108.50000000000001 3725.8850000000007 315.50000000000006 10.500000000000002
decision_type=2 2 2 2 2 2 2 2 2 2 2 2 2 2 2 2 2 2 2 2 2 2 2 2 2 2
left_child=1 5 4 16 12 10 -4 9 -6 14 22 -7 -2 18 15 -5 21 -18 -12 -20 24 -3 23 -1 -15 -24
right_child=2 3 6 7 8 11 -8 -9 -10 -11 13 -13 -14 20 -16 -17 17 -19 19 -21 -22 -23 25 -25 -26 -27
leaf_value=-0.051096342651751753 0.078800813189984664 -0.038034985536451599 0.14522944432133575 0.0077256709566441741 0.079691007899612615 -0.015383005129159445 0.24704237557028474 0.11053601291324799 0.16819935730247443 0.082066464791184568 0.019256367701879273 0.044890935299823069 0.014995197354767393 -0.044468833517250478 -0.01409293772340074 0.071041542540451696 0.028136699599953047 -0.017256839052880512 0.0019370485558206675 -0.029929094107005824 -0.01678182840384073 -0.0070732605384816703 -0.024076409203172805 -0.025644334006869857 -0.020667200567551062 -0.042419642350634272
leaf_weight=354.08945932611823 14.25350981578231 11.76745728030801 29.049623787403107 16.937903132289652 16.358599383383989 16.736545518040661 38.317389380186796 12.963501848280428 23.153420392423868 13.170491211116312 11.236204028129576 13.856281228363512 13.369989883154629 58.163452196866274 12.167143277823923 12.511051665991543 16.548468545079235 12.094816647469996 11.771730292588474 15.558046910911797 14.729969426989554 11.191063441336153 15.588418979197739 12.92215797677636 10.577370464801787 84.726318947970867
leaf_count=7058 213 221 378 290 232 308 416 204 297 216 213 241 206 1132 206 207 305 216 224 287 276 209 308 255 202 1655
internal_value=-0.000575035 -0.0299176 0.158785 0.0291569 0.104217 -0.0413476 0.208592 0.0555775 0.13716 0.0391382 -0.0442029 0.0129961 0.0510158 -0.0278952 0.0224123 0.0374319 -0.00631113 0.0090937 -0.00601338 -0.0170073 -0.037628 -0.024719 -0.0483244 -0.050344 -0.0414943 -0.0400955
internal_weight=873.81 739.308 134.503 119.352 67.1355 619.956 67.367 67.7501 39.512 54.7866 589.363 30.5928 27.6235 122.037 41.6161 29.449 51.6018 28.6433 38.566 27.3298 83.4708 22.9585 467.326 367.012 68.7408 100.315
internal_count=15975 14233 1742 2074 948 12159 794 1123 529 919 11610 549 419 2334 703 497 951 521 724 511 1610 430 9276 7313 1334 1963
is_linear=0
shrinkage=0.05


Tree=3
num_leaves=26
num_cat=0
split_feature=8 7 54 61 58 99 27 6 6 62 122 8 116 11 60 6 21 6 46 7 10 54 62 94 122
split_gain=1467.07 207.333 93.7475 42.2627 29.3404 27.7132 16.041 16.9825 14.3999 14.0246 11.9517 9.88791 8.69454 7.70416 5.41191 4.91661 4.07356 3.77824 3.39903 3.28861 3.74049 2.59782 1.94216 1.19435 0.863311
threshold=1369.6200000000001 8486.095000000003 425.50000000000006 18.500000000000004 383.50000000000006 11.500000000000002 781.50000000000011 6873.5950000000012 2954.9300000000007 9.5000000000000018 278.50000000000006 39.940000000000005 0.0027790650500000005 99.15000000000002 9.5000000000000018 4023.6200000000003 2233.5000000000005 1667.1200000000001 9140.5375000000022 653.46000000000015 144.85000000000005 558.50000000000011 1.0000000180025095e-35 13.500000000000002 119.50000000000001
decision_type=2 2 2 2 2 2 2 2 2 2 2 2 2 2 2 2 2 2 2 2 2 2 2 2 2
left_child=2 3 11 6 10 8 -2 -8 13 -5 -3 23 -6 16 17 -10 19 24 -17 21 -21 -4 -19 -1 -13
right_child=1 4 5 9 12 -7 7 -9 15 -11 -12 14 -14 -15 -16 18 -18 22 -20 20 -22 -23 -24 -25 -26
leaf_value=-0.050132473427647817 -0.0050659152461719134 0.082036791327704223 -0.011178708733819268 0.055592887234632384 0.15321354874291743 0.059532297252071403 0.010080237224573633 0.078272141244921087 0.04251869938581436 0.12704073880365335 0.14968541739959471 -0.044249500254518542 0.23640171550081354 0.011943850980958097 -0.0069259181824814628 -0.013371936187482348 0.002682003236707118 -0.028132613657030028 0.02153645852187806 0.0065913959357778822 -0.030151204671379651 -0.040748922776727987 -0.00049493337494868085 -0.024875239821458221 -0.024853929922006791
leaf_weight=374.60242646932602 18.703230436891317 19.590642709285021 11.344325952231882 16.739074908196926 29.681766718626022 14.859518136829136 16.198968332260847 21.111071333289146 11.645727358758448 22.81461039558053 34.324003830552101 75.265170555561781 22.87322536110878 17.28618935868144 18.787844300270081 11.935635417699816 12.478943597525356 14.381795629858972 12.08126614615321 13.197563458234074 11.343958981335161 39.566244412213564 10.505866222083567 10.759511582553385 16.1133823543787
leaf_count=7788 296 242 225 235 277 241 269 310 206 298 385 1533 202 308 363 206 236 278 198 246 208 761 201 219 325
internal_value=0.000194954 0.117745 -0.0351729 0.0623341 0.165415 -0.00111027 0.032536 0.0506843 -0.00825042 0.100935 0.128918 -0.0453232 0.196758 -0.0174965 -0.032689 0.0185094 -0.0234211 -0.0366646 0.00449378 -0.027696 -0.0113845 -0.0348315 -0.0173705 -0.0495594 -0.0414349
internal_weight=878.192 202.037 676.155 95.567 106.47 155.739 56.0133 37.31 140.88 39.5537 53.9146 520.416 52.555 105.217 135.054 35.6626 87.931 116.266 24.0169 75.4521 24.5415 50.9106 24.8877 385.362 91.3786
internal_count=16056 2514 13542 1408 1106 2835 875 579 2594 533 627 10707 479 1984 2700 610 1676 2337 404 1440 454 986 479 8007 1858
is_linear=0
shrinkage=0.05


Tree=4
num_leaves=27
num_cat=0
split_feature=6 54 9 71 54 119 6 11 11 27 37 114 14 113 60 18 33 54 54 37 34 116 12 118 56 55
split_gain=1227.52 141.888 102.971 62.2509 40.7735 23.522 18.1598 15.6853 15.5835 12.6796 10.114 9.62918 9.28877 6.53965 5.3776 4.77053 4.76059 4.16456 4.17484 4.45609 4.05346 3.57107 1.68227 1.02972 0.960751 2.77332
threshold=6426.3400000000011 425.50000000000006 4674.2000000000007 9.5000000000000018 695.50000000000011 1.5000000000000002 2796.3400000000006 159.94500000000002 119.97000000000001 1034.5000000000002 22.500000000000004 0.065929365000000004 2.5000000000000004 1.0000000180025095e-35 9.5000000000000018 93.902145000000019 603.50000000000011 558.50000000000011 940.50000000000011 7.5000000000000009 28.500000000000004 0.0033447924000000006 5.5000000000000009 0.011527473000000002 15.500000000000002 102.50000000000001
decision_type=2 2 2 2 2 2 2 2 2 2 2 2 2 2 2 2 2 2 2 2 2 2 2 2 2 2
left_child=1 12 4 6 -2 -4 10 16 9 21 13 -9 22 17 15 -14 -6 -3 -19 -20 -17 -8 23 -1 -24 -26
right_child=2 3 5 -5 7 -7 8 11 -10 -11 -12 -13 14 -15 -16 20 -18 18 19 -21 -22 -23 24 -25 25 -27
leaf_value=-0.050791181348799154 0.0020846335182155762 -0.0048856944551745841 0.16723865575722191 0.10378849602074741 0.043971432415727645 0.095356429080251104 0.029847105735729414 0.14069394134302679 -0.020841516246327744 0.07267987509133271 0.016320070110204445 0.075326078771427329 -0.046207054666422748 0.0073704278076356508 0.002296086206265798 0.0080225524395757999 0.083441744789588435 -0.048880699093004049 0.00054631616321399541 -0.035409287684872996 -0.032797783858940353 -0.0059966778920078571 -0.043709169067592597 -0.029582889914053962 -0.0061982140951303642 -0.040719318561924407
leaf_weight=371.11284217610955 16.981385853141546 16.89382753521204 63.642828233540058 12.921944487839935 28.58625753223896 26.278879817575216 13.082681808620693 18.976045873016119 14.883294843137262 13.504806350916622 20.363663818687201 21.746015269309282 29.680482484400272 15.463084053248165 12.590285100042818 10.429386705160143 19.008749179542065 24.848908089101315 14.945595987141131 18.159491762518883 10.732874576002358 11.84341950714588 26.669656835496426 15.617456320673226 12.105016995221378 10.959830410778521
leaf_count=8050 275 335 532 183 396 252 217 228 228 221 358 246 614 282 241 211 235 494 289 335 209 199 566 335 253 225
internal_value=-0.000527726 -0.0324292 0.109279 0.00601031 0.0734157 0.148763 -0.00285211 0.0867812 0.0206488 0.0369531 -0.0143386 0.110947 -0.0460025 -0.0214554 -0.0267182 -0.0337181 0.0624645 -0.0274475 -0.0336419 -0.0200705 -0.0137247 0.0136358 -0.0486705 -0.0500913 -0.0361126 -0.024542
internal_weight=872.029 676.809 195.22 176.911 105.298 89.9217 163.989 88.3171 53.3142 38.4309 110.675 40.7221 499.898 90.3109 63.433 50.8427 47.595 74.8478 57.954 33.1051 21.1623 24.9261 436.465 386.73 49.7345 23.0648
internal_count=16009 13845 2164 3141 1380 784 2958 1105 865 637 2093 474 10704 1735 1275 1034 631 1453 1118 624 420 416 9429 8385 1044 478
is_linear=0
shrinkage=0.05


Tree=5
num_leaves=30
num_cat=0
split_feature=9 9 58 103 121 69 55 7 54 27 18 7 34 11 71 85 35 133 8 119 94 60 28 19 131 33 8 117 19
split_gain=999.883 96.1784 95.1646 34.1927 30.4138 26.4269 13.5102 13.1061 12.9647 12.2537 9.15452 7.15277 6.52531 6.59907 5.01965 4.98539 12.5247 3.395 3.13406 2.98664 2.93309 2.41921 1.73401 2.85288 1.68811 1.63468 0.592197 0.372468 0.0875836
threshold=858.60000000000002 3410.7000000000003 27.500000000000004 4.5000000000000009 9524.3250000000025 4.5000000000000009 821.50000000000011 3192.6700000000005 3125.0000000000005 996.50000000000011 216.28208000000004 412.05000000000007 221.50000000000003 18.840000000000003 6.5000000000000009 2.5000000000000004 29.500000000000004 50.500000000000007 570.75000000000011 1.5000000000000002 21.500000000000004 8.5000000000000018 52.500000000000007 161.35666500000002 42.500000000000007 415.50000000000006 227.69500000000002 0.0084058855000000016 109.87515250000001
decision_type=2 2 2 2 2 2 2 2 2 2 2 2 2 2 2 2 2 2 2 2 2 2 2 2 2 2 2 2 2
left_child=2 5 11 8 6 7 15 20 -3 -6 -9 21 13 -8 -7 18 -17 -10 24 -18 -2 25 28 -24 -4 26 -1 -21 -13
right_child=1 3 4 -5 9 14 12 10 17 -11 -12 22 -14 -15 -16 16 19 -19 -20 27 -22 -23 23 -25 -26 -27 -28 -29 -30
leaf_value=-0.049869596424702553 0.019507641197605351 0.052229483842954588 -0.015600677590426755 0.15179373651698674 0.010742608550094771 0.055419727626474957 0.021347825525407108 0.027438007754194773 0.12295522835848866 0.076063953934711395 0.074422496089916412 -0.04378903324906968 0.040333580513480939 -0.02548222131705177 0.1079719586430624 0.029940961999288258 -0.0034014073660191056 0.077162909639285349 -0.0062225610717984992 -0.020147107921243433 -0.010497383064691598 -0.02360341952060202 -0.0037045052766682325 -0.031972346893195974 -0.043417374189790414 -0.02097359350523044 -0.026049672741902053 -0.041846537394367021 -0.023581609942308134
leaf_weight=371.92575458809733 15.943483408540489 22.996210768818855 10.273936174809931 47.816135123372078 15.19729955121875 17.110981542617083 13.523441210389139 27.895479127764702 28.700285784900188 13.06204918399453 19.336220271885395 15.356713742017748 12.435915790498255 12.602610427886246 17.635289046913385 13.161268152296541 12.199587769806383 24.644491694867611 10.946927215903996 10.383540578186514 13.179519668221472 15.425033587962387 17.514188028872013 17.551001843065023 30.740996897220612 9.243458788841961 9.5157678313553316 12.111862715333698 10.147528838366268
leaf_count=8440 279 246 212 349 246 217 246 359 245 198 245 313 198 218 201 257 222 206 205 201 205 330 367 363 626 200 207 237 200
internal_value=-0.00128466 0.086303 -0.03399 0.116506 -0.00151799 0.0510875 -0.0113009 0.0331678 0.0910924 0.0439673 0.048915 -0.045529 0.0133509 -0.0014476 0.0865172 -0.0208996 -0.00871266 0.105353 -0.0313846 -0.0242083 0.00612697 -0.0480131 -0.027871 -0.018815 -0.0374988 -0.0488517 -0.0494143 -0.0342932 -0.0380484
internal_weight=868.577 235.258 633.319 124.157 166.639 111.101 138.38 76.3547 76.341 28.2593 47.2317 466.679 38.562 26.1261 34.7463 99.8181 47.8563 53.3448 51.9619 34.695 29.123 406.11 60.5694 35.0652 41.0149 390.685 381.442 22.4954 25.5042
internal_count=16038 2552 13486 1046 3066 1506 2622 1088 697 444 604 10420 662 464 418 1960 917 451 1043 660 484 9177 1243 730 838 8847 8647 438 513
is_linear=0
shrinkage=0.05


Tree=6
num_leaves=25
num_cat=0
split_feature=8 10 58 54 121 6 11 27 27 43 8 115 43 63 60 121 85 94 12 131 32 126 32 55
split_gain=925.465 96.5559 72.0098 36.0627 31.7956 27.754 18.5715 14.2555 12.6064 11.1125 9.77175 8.87869 7.9856 8.08167 7.76728 4.87377 4.44892 8.48215 5.11651 2.46011 1.40144 0.750412 0.40896 0.254842
threshold=919.48000000000013 852.70000000000016 27.500000000000004 1638.5000000000002 15506.935000000003 2796.3400000000006 163.35000000000005 1100.5000000000002 982.50000000000011 114.50000000000001 115.64000000000001 0.038573772500000013 35.500000000000007 2.5000000000000004 8.5000000000000018 6796.2150000000011 2.5000000000000004 14.500000000000002 10.500000000000002 42.500000000000007 682.50000000000011 1.5000000000000002 859.50000000000011 365.50000000000006
decision_type=2 2 2 2 2 2 2 2 2 2 2 2 2 2 2 2 2 2 2 2 2 2 2 2
left_child=2 4 10 -3 12 9 -5 -6 -7 16 20 -8 -2 -14 15 21 19 -18 -19 -4 -1 -12 -22 -21
right_child=1 3 5 6 7 8 11 -9 -10 -11 14 -13 13 -15 -16 -17 17 18 -20 23 22 -23 -24 -25
leaf_value=-0.049451605336634424 0.03415927705774343 0.035485590950008326 -0.011666393103609859 0.065450942707884846 0.037449853454777769 0.0058811868235957732 0.085280814288911835 0.10129246620457565 0.069332175629462853 0.017472812278415011 -0.04290075079523812 0.12668015010591679 -0.022552344872287574 0.020293202399516718 0.013088879886082434 -0.00029034789458569528 0.022857429258964709 -0.0026742110708579039 -0.041709206743764264 -0.044646310276803915 -0.015777793048763072 -0.020654291247986675 -0.03675058769065475 -0.024966655379061582
leaf_weight=349.43816669657826 23.195836696773767 24.056815836578608 12.745276678353546 34.034325756132603 22.958230167627335 16.649115487933162 39.915133751928806 17.492132522165775 13.492575790733097 19.275306161493063 40.250717852264643 83.242151480168104 20.52505050227046 19.533174302428961 9.4689748212695104 9.5355602093040925 11.942620418965815 16.054344438016415 16.294034987688065 23.750823549926281 9.0391365699470061 10.707552067935465 11.018719512969254 12.561285756528376
leaf_count=8284 398 311 262 345 290 279 320 198 210 336 895 653 310 272 190 192 235 318 311 505 203 234 244 250
internal_value=0.000888782 0.0744196 -0.0352303 0.096351 0.0349914 -0.00429879 0.105103 0.0685292 0.0368311 -0.015757 -0.0452139 0.11484 0.0121013 -0.00168851 -0.0267956 -0.0332577 -0.0228412 -0.0106418 -0.0236201 -0.033007 -0.0485383 -0.0391828 -0.0295867 -0.0394973
internal_weight=867.177 284.953 582.224 181.248 103.704 142.765 157.192 40.4504 30.1417 112.624 439.459 123.157 63.2541 40.0582 69.9628 60.4938 93.3484 44.291 32.3484 49.0574 369.496 50.9583 20.0579 36.3121
internal_count=16045 3097 12948 1629 1468 2706 1318 488 489 2217 10242 973 980 582 1511 1321 1881 864 629 1017 8731 1129 447 755
is_linear=0
shrinkage=0.05


Tree=7
num_leaves=27
num_cat=0
split_feature=8 13 61 6 60 8 21 59 116 121 121 115 97 117 119 71 118 46 115 33 28 28 41 36 7 19
split_gain=780.972 102.718 60.544 28.9207 23.2773 18.4193 16.0856 13.2112 10.7437 9.30606 8.95128 8.73806 7.04781 4.9648 4.75518 7.6323 4.59473 3.86015 3.83401 3.69097 3.23881 7.50833 3.12778 1.20228 0.637741 0.0544332
threshold=919.48000000000013 49.500000000000007 8.5000000000000018 8865.3050000000021 37.500000000000007 174.85000000000005 1619.5000000000002 146.50000000000003 0.0015126898500000001 9524.3250000000025 6093.9350000000004 0.07089034750000002 2.5000000000000004 0.021708793000000004 11.500000000000002 1.5000000000000002 0.007071899500000001 14006.125500000002 0.058833253000000009 442.50000000000006 48.500000000000007 70.500000000000014 18.500000000000004 27.500000000000004 448.74000000000007 76.508215000000021
decision_type=2 2 2 2 2 2 2 2 2 2 2 2 2 2 2 2 2 2 2 2 2 2 2 2 2 2
left_child=2 3 5 7 -3 19 -5 11 -6 16 14 12 -2 -13 15 22 17 20 -8 23 25 -22 -4 24 -1 -7
right_child=1 4 10 6 8 9 18 -9 -10 -11 -12 13 -14 -15 -16 -17 -18 -19 -20 -21 21 -23 -24 -25 -26 -27
leaf_value=-0.049536287142003976 -0.00012471136167802204 0.051225629200271655 -0.0080595866518177097 0.018309779734504945 0.078606894925972545 -0.023784579623866039 0.048892814005156326 0.053064886193305176 0.11969019212004475 0.015984465158346988 0.038352589570015631 -0.026720113048403354 0.044146959936628219 0.011149132365197049 0.02494126050926751 0.01160018067290748 -0.047989667969875388 0.0075209730877920005 0.088880330648511627 -0.018850770467801044 0.016354887438068792 -0.032916733525994522 -0.045225897416706629 -0.023432849909090666 -0.030500801881693407 -0.043637821669231691
leaf_weight=353.80932050570846 18.644478496164083 32.735254418104887 11.547780942171814 20.149649236351252 47.020502835512161 10.284443475306036 20.83441349491477 15.13330879434943 66.63307536393404 12.521272525191305 15.451805815100668 22.327601056545973 15.339741773903368 12.030982233583925 10.288879375904797 20.420595873147249 21.026221174746752 9.6570338495075685 25.756613664329052 14.45342034101486 11.850834183394911 16.116723135113716 11.53030478581786 10.216537751257418 16.412787269800901 15.048765122890471
leaf_count=8714 295 333 236 207 350 213 211 176 465 219 246 356 216 202 207 354 459 183 250 312 254 356 215 229 366 308
internal_value=-0.00168173 0.063679 -0.0363643 0.0339483 0.0933183 -0.0425108 0.0580298 0.0137874 0.104347 -0.0222445 0.00722628 0.00382867 0.0212016 -0.013576 -0.00276991 -0.0101327 -0.0281833 -0.0202946 0.0737473 -0.0473265 -0.025424 -0.0123405 -0.0287546 -0.0483041 -0.0488608 -0.0379081
internal_weight=857.242 296.606 560.637 150.217 146.389 491.397 66.7407 83.4761 113.654 96.5053 69.2394 68.3428 33.9842 34.3586 53.7876 43.4987 83.984 62.9578 46.591 394.892 53.3008 27.9676 23.0781 380.439 370.222 25.3332
internal_count=15932 3061 12871 1913 1148 11613 668 1245 815 1992 1258 1069 511 558 1012 805 1773 1314 461 9621 1131 610 451 9309 9080 521
is_linear=0
shrinkage=0.05


Tree=8
num_leaves=29
num_cat=0
split_feature=7 7 58 59 122 135 138 0 121 46 120 59 56 6 6 121 71 40 8 87 18 122 27 54 54 116 69 59
split_gain=756.404 98.8672 47.0147 31.6253 18.193 13.6142 13.3052 13.1474 12.5239 10.5975 10.4023 8.99184 8.80493 5.89394 7.36106 5.23022 3.86217 3.78784 3.19597 2.36078 2.25345 2.09815 1.64263 1.29285 1.88783 1.23774 0.358084 0.157763
threshold=1512.5800000000002 9739.3050000000021 24.500000000000004 75.500000000000014 278.50000000000006 60.500000000000007 61.500000000000007 5.5000000000000009 9209.6450000000023 23933.922000000002 23.500000000000004 36.500000000000007 120.50000000000001 12649.640000000001 7272.1350000000011 5336.3250000000016 1.5000000000000002 10.500000000000002 39.940000000000005 8.5000000000000018 216.28208000000004 16.500000000000004 946.50000000000011 108.50000000000001 146.50000000000003 0.0039580461000000003 1.0000000180025095e-35 7.5000000000000009
decision_type=2 2 2 2 2 2 2 2 2 2 2 2 2 2 2 2 2 2 2 2 2 2 2 2 2 2 2 2
left_child=2 3 18 8 -3 20 9 21 11 -5 -9 17 25 14 -10 16 -14 -2 23 22 -6 -4 27 -1 -25 -12 -23 -20
right_child=1 4 7 6 5 -7 -8 10 13 -11 12 -13 15 -15 -16 -17 -18 -19 19 -21 -22 26 -24 24 -26 -27 -28 -29
leaf_value=-0.050153891226415129 0.0021116815159266749 0.055082159738746209 -0.011394938454423284 0.039804334225392077 0.08928701890926849 0.064683827934155752 0.021800630552998003 0.031464842051552332 0.014249901940729157 0.088594938268401119 -0.014913573824930321 0.025525542257385854 -0.023974261464290533 0.0022841697550477903 0.054625485994145864 0.026491315925434203 0.0094002527054791746 -0.034581801275151175 -0.044597541832381599 -0.0096503182917821954 0.12789427851121779 -0.042644772784348174 -0.018859470946743638 -0.014582820859126561 -0.042204290187161618 -0.042403217312417085 -0.023554196774054494 -0.027017979981787413
leaf_weight=259.79201521351933 10.803895931690933 38.173206716775894 12.671835884451864 24.250468645244837 35.912818893790245 30.718305371701717 21.701665323227644 18.755645912140608 21.634532779455185 33.750437889248133 10.056696850806476 13.816192913800476 15.50357896089554 15.473093185573815 26.79822925850749 14.971390165388582 15.571222197264431 17.045124273747206 50.79706384986639 9.7836894504725915 42.422477975487709 23.734801705926657 14.544746302068232 11.420685440301893 28.455238912254572 13.071466654539107 13.574350275099276 13.907445553690193
leaf_count=6779 207 306 269 279 232 200 223 352 342 326 212 209 307 179 334 254 259 302 1235 217 282 519 337 288 707 272 275 313
internal_value=0.000491556 0.0593319 -0.0367439 0.0344462 0.0897672 0.100698 0.0578795 -0.0114513 0.0160076 0.0702021 0.00032602 -0.00521834 -0.00876375 0.0295849 0.0378704 0.00406136 -0.00769351 -0.0211591 -0.0456131 -0.0352636 0.112858 -0.0313861 -0.0381103 -0.0484339 -0.0353677 -0.0325884 -0.0372508 -0.0417424
internal_weight=859.112 332.5 526.612 185.274 147.227 109.054 79.7026 137.911 105.571 58.0009 87.93 41.6652 69.1744 63.9059 48.4328 46.0462 31.0748 27.849 388.701 89.0329 78.3353 49.981 79.2493 299.668 39.8759 23.1282 37.3092 64.7045
internal_count=16016 3421 12595 2401 1020 714 828 2719 1573 605 1656 718 1304 855 676 820 566 509 9876 2102 514 1063 1885 7774 995 484 794 1548
is_linear=0
shrinkage=0.05


Tree=9
num_leaves=29
num_cat=0
split_feature=13 6 58 71 15 6 117 56 11 27 119 27 38 120 62 9 62 29 6 38 57 57 31 36 11 57 1 84
split_gain=655.355 80.6695 40.6544 31.4422 27.9859 19.3008 16.658 12.9543 12.2339 11.1686 10.647 11.2317 11.034 9.11063 8.21307 4.67174 4.03004 3.62611 3.3751 3.65808 3.2876 1.81292 1.39774 0.788805 0.337837 0.298071 0.068348 0.247905
threshold=11.500000000000002 6426.3400000000011 28.500000000000004 9.5000000000000018 29.500000000000004 2499.4950000000003 0.0023373591000000003 99.500000000000014 144.44500000000002 996.50000000000011 1.5000000000000002 982.50000000000011 343.50000000000006 59.500000000000007 25.500000000000004 114.65000000000002 1.5000000000000002 2.5000000000000004 1001.1300000000001 96.500000000000014 36.500000000000007 7.5000000000000009 1044.5000000000002 19.500000000000004 696.96000000000015 8.5000000000000018 4.5000000000000009 5.5000000000000009
decision_type=2 2 2 2 2 2 2 2 2 2 2 2 2 2 2 2 2 2 2 2 2 2 2 2 2 2 2 2
left_child=2 3 15 7 6 17 -3 16 9 13 12 -12 -8 -9 24 23 -2 -4 21 -20 22 -19 -17 26 -6 -25 27 -1
right_child=1 4 5 -5 14 -7 10 8 -10 -11 11 -13 -14 -15 -16 20 -18 18 19 -21 -22 -23 -24 25 -26 -27 -28 -29
leaf_value=-0.049363021012800767 -0.043007464698847656 0.086738228469991741 -0.00022655744118287534 0.07160278838896815 0.054223142904960601 0.02512519538700549 0.072907104064651881 0.029743189253506105 -0.021280868684438035 0.057598484971328183 -0.0034200814904100196 0.042235625589602012 0.027108281833434684 -0.022604543144710887 0.10540861043837796 -0.041147544793126267 -0.0043673983045665124 -0.015576486180971953 0.0099823562449802422 -0.027405655955286747 -0.0020092890132230343 -0.041074355740878914 -0.014772172722094433 -0.037967782336084603 0.079075286876842746 -0.017346427000408067 -0.029392249117060804 -0.028578330952896441
leaf_weight=301.90791681036353 14.044859282672407 25.592507172375917 15.145767431706188 17.654823202639818 29.258215069770813 26.487708535045385 35.503888558596373 17.299253668636087 16.42388491332531 16.423224747180939 22.72027574852109 30.118012871593237 25.777598589658737 12.720136512070892 45.048781096935272 25.162731517106295 12.510118138045071 13.077943451702593 10.843775380402805 11.922960367053745 9.9176378734409791 33.115766804665327 10.021643817424772 8.8883880898356455 33.012325830757618 9.5788553133606893 11.288841027766464 10.928025975823401
leaf_count=8148 296 233 283 193 224 398 330 294 237 243 243 288 205 206 244 596 239 305 224 230 203 709 218 228 206 231 270 283
internal_value=-0.000906231 0.0509389 -0.0378063 0.0143411 0.0665598 -0.0108239 0.0504727 0.00171659 0.0140343 0.026886 0.040986 0.0231951 0.0551078 0.00753542 0.0861959 -0.0454083 -0.0263849 -0.022466 -0.0272064 -0.0102297 -0.0280075 -0.0348016 -0.0348336 -0.0475232 0.0694491 -0.0300118 -0.0483308 -0.0488231
internal_weight=852.396 354.108 498.288 107.076 247.032 110.594 139.712 89.4215 62.8665 46.4426 114.12 52.8383 61.2815 30.0194 107.319 387.694 26.555 84.1062 68.9604 22.7667 45.102 46.1937 35.1844 342.592 62.2705 18.4672 324.125 312.836
internal_count=16007 3681 12326 1708 1973 2149 1299 1515 980 743 1066 531 535 500 674 10177 535 1751 1468 454 1017 1014 814 9160 430 459 8701 8431
is_linear=0
shrinkage=0.05


Tree=10
num_leaves=28
num_cat=0
split_feature=6 7 56 61 27 15 29 111 100 12 133 58 35 78 7 58 18 10 31 118 99 45 31 142 29 29 15
split_gain=570.5 86.6338 45.273 18.8237 18.6553 18.4971 17.2768 13.1285 8.56173 7.99062 7.65736 8.89614 14.9906 12.4611 6.42656 6.87452 6.37784 5.74433 4.88508 4.15512 3.58063 2.10143 1.29824 1.13846 1.09782 1.17349 0.889599
threshold=2613.1500000000001 6211.4300000000012 99.500000000000014 64.500000000000014 1252.5000000000002 13.500000000000002 2.5000000000000004 4.5000000000000009 5.5000000000000009 5.5000000000000009 54.500000000000007 29.500000000000004 34.500000000000007 28.500000000000004 586.55000000000007 100.50000000000001 111.36675500000003 318.89500000000004 4421.0000000000009 0.00069102180000000016 8.5000000000000018 18.500000000000004 294.50000000000006 2.5000000000000004 14.500000000000002 6.5000000000000009 1.5000000000000002
decision_type=2 2 2 2 2 2 2 2 2 2 2 2 2 2 2 2 2 2 2 2 2 2 2 2 2 2 2
left_child=2 3 9 7 5 -3 17 10 -7 24 11 -2 -13 20 21 -16 22 -4 -10 -18 -14 23 -11 -8 25 -1 -26
right_child=1 4 6 -5 -6 8 14 -9 18 16 -12 12 13 -15 15 -17 19 -19 -20 -21 -22 -23 -24 -25 26 -27 -28
leaf_value=-0.041584612460100923 -0.017705848617189858 0.022438136524950539 0.0027447118387430233 0.065626889257590595 0.09391642589762296 0.043611072862852027 -0.042791413809516211 0.053402219917125009 0.090694884414126528 -0.014333871491892986 -0.01684973717054266 0.05146285843546821 0.0017148630840646618 0.035182704470408631 -0.020126244643048737 0.027221913599804401 0.015074691012107167 0.044135362219014908 0.056184602510475523 -0.025955777273168286 -0.028903005967415296 -0.008861816974049452 -0.040128234387512222 -0.019408819590894948 -0.049357647490170568 -0.012715120776646612 -0.023159523843863605
leaf_weight=7.854996923357251 17.929740689694881 32.694990791380405 17.811090063303709 16.825722265988588 56.376063600182533 38.781800135970116 24.540612537413836 14.886519867926834 42.573975510895252 8.7020907364785653 26.290831822901964 23.672819990664721 20.422816436737776 19.667545199394226 16.502868846058849 11.090022869408129 11.423881985247137 14.328099515289066 34.262914925813675 9.484862018376587 15.594566401094196 10.661290112882851 47.872878946363926 13.309108704328535 273.60728261247277 9.5258291997015458 8.4988479577004892
leaf_count=200 340 318 334 163 368 286 572 148 260 228 397 357 289 244 328 187 274 209 194 211 200 221 1178 311 7732 246 218
internal_value=-0.000470617 0.0470762 -0.0357941 0.0185715 0.0683128 0.0574604 -0.00713042 0.0120005 0.0668141 -0.0439435 0.00624208 0.0126961 0.0198314 0.00506612 -0.0199875 -0.000542623 -0.0283134 0.0227018 0.0771219 -0.00417909 -0.012365 -0.0305883 -0.0367856 -0.0359561 -0.0477727 -0.0287072 -0.048737
internal_weight=845.194 359.98 485.214 155.291 204.69 148.314 108.243 138.465 115.619 376.971 123.578 97.2875 79.3577 55.6849 76.1039 27.5929 77.4837 32.1392 76.8369 20.9087 36.0174 48.511 56.575 37.8497 299.487 17.3808 282.106
internal_count=16013 3564 12449 2138 1426 1058 2162 1975 740 10287 1827 1430 1090 733 1619 515 1891 543 454 485 489 1104 1406 883 8396 446 7950
is_linear=0
shrinkage=0.05


Tree=11
num_leaves=31
num_cat=0
split_feature=7 9 42 10 98 102 121 48 136 14 10 117 86 58 69 21 15 21 49 28 27 58 46 24 46 117 19 7 19 46
split_gain=561.857 86.0297 27.2656 26.6446 18.0074 15.1759 13.13 11.3715 11.1336 9.96487 8.67851 7.86725 9.7559 7.36331 7.31024 7.09998 6.94868 5.9759 4.77035 4.71109 3.937 1.87062 0.960227 1.39604 0.811298 0.713878 1.14346 0.639777 0.603366 0.291514
threshold=927.73500000000013 3410.7000000000003 28.500000000000004 712.8850000000001 24.500000000000004 6.5000000000000009 9209.6450000000023 650.92955000000018 48.500000000000007 11.500000000000002 1260.2450000000001 0.0043883722000000016 14.500000000000002 47.500000000000007 9.5000000000000018 1555.5000000000002 6.5000000000000009 1426.5000000000002 690.63476500000013 25.500000000000004 1089.5000000000002 7.5000000000000009 819.25767500000018 1979.0000000000002 2528.2446500000005 0.019943858000000005 64.178332000000012 439.05000000000007 25.266428000000001 3711.6634500000005
decision_type=2 2 2 2 2 2 2 2 2 2 2 2 2 2 2 2 2 2 2 2 2 2 2 2 2 2 2 2 2 2
left_child=2 3 21 4 6 14 17 22 10 13 -5 15 -13 -8 -3 -9 -14 19 24 -2 -7 27 -4 29 -19 -23 28 -1 -27 -24
right_child=1 5 7 8 -6 20 9 11 -10 -11 -12 12 16 -15 -16 -17 -18 18 -20 -21 -22 25 23 -25 -26 26 -28 -29 -30 -31
leaf_value=-0.049284760908244608 -0.011636305751148882 0.035766669938114642 -0.014521003602400282 0.075493009818987863 0.057177872326054917 0.068191262404633954 0.010700443726255202 -0.0080846857819860292 0.016961258205198306 -5.8462476391997962e-06 0.030869207397533356 0.025715717493915487 -0.03858718399922352 0.058434528322344206 0.071202732235709054 0.049332407563062917 0.0079411608816899442 -0.017918514133584775 -0.0010831579166182799 0.029287176367225737 0.099684109518930031 -0.04052885430090554 -0.048076096793603154 -0.017637346310691471 -0.041377075829917301 -0.015369030235565927 -0.0068108322151274898 -0.025116580758787421 -0.041473452290668546 -0.024365374432240877
leaf_weight=237.25566643476486 12.44706489518285 44.464099045842886 8.7726061381399614 32.48539486899972 16.622614406049252 48.525092676281929 15.181043986231087 9.3467519506812113 24.638716414570808 31.376798503100872 22.360694825649261 10.19080365821719 26.781668305397034 18.372771039605141 29.121786996722221 9.3178098537027818 10.294973421841858 11.124641936272385 19.001005906611681 12.064097814261912 44.458609610795975 45.918079428374767 23.068991892039779 11.087021999061106 15.507546067237852 7.6766434274613875 8.0146164968609792 9.2630102187395078 7.8149245046079159 8.8967754878103715
leaf_count=7054 208 339 237 346 180 275 244 205 262 364 208 224 573 236 173 195 171 243 302 244 235 1211 573 261 287 215 204 238 206 215
internal_value=0.000876524 0.043682 -0.0384013 0.0236193 0.0110631 0.0709166 0.00463672 -0.017459 0.0467232 0.0205306 0.0590261 -0.00342802 -0.0141974 0.0386546 0.0513035 0.0225797 -0.0259226 -0.010237 -0.0206229 0.00919565 0.085031 -0.0460479 -0.0345185 -0.0377678 -0.0335142 -0.0359269 -0.0244642 -0.0485861 -0.0317741 -0.0433002
internal_weight=831.452 397.752 433.7 231.182 151.698 166.57 135.075 117.757 79.4848 64.9306 54.8461 65.932 47.2674 33.5538 73.5859 18.6646 37.0766 70.1444 45.6332 24.5112 92.9837 315.943 51.8254 43.0528 26.6322 69.4243 23.5062 246.519 15.4916 31.9658
internal_count=15928 4146 11782 3124 2308 1022 2128 2654 816 844 554 1368 968 480 512 400 744 1284 832 452 510 9128 1286 1049 530 1836 625 7292 421 788
is_linear=0
shrinkage=0.05


Tree=12
num_leaves=29
num_cat=0
split_feature=8 54 54 6 135 46 106 19 24 114 20 18 49 2 121 86 52 57 116 58 133 19 46 47 28 32 55 55
split_gain=498.511 65.0533 40.3607 21.6913 16.5692 15.374 12.1693 12.3097 10.9808 10.3298 10.0852 9.33895 7.39374 6.74965 6.20102 4.80206 4.69314 4.28229 3.94804 2.89923 2.53809 2.42558 2.07184 3.43273 0.819422 0.561784 0.24243 0.421841
threshold=1098.9500000000003 388.50000000000006 723.50000000000011 22971.830000000005 78.500000000000014 23021.841000000004 17.500000000000004 123.61000000000001 1581.5000000000002 0.040762047500000002 74.773077500000014 98.793750000000003 490.70353500000004 2.5000000000000004 3660.7600000000007 26.500000000000004 5.5000000000000009 97.500000000000014 0.0063008668000000016 482.50000000000006 44.500000000000007 146.33333500000003 6003.043200000001 1064.5688000000002 16.500000000000004 535.50000000000011 34.500000000000007 40.500000000000007
decision_type=2 2 2 2 2 2 2 2 2 2 2 2 2 2 2 2 2 2 2 2 2 2 2 2 2 2 2 2
left_child=1 14 18 6 19 11 7 10 -7 -9 -4 16 13 -13 17 -11 22 24 -2 -5 -16 25 23 -3 -1 -22 -26 -28
right_child=2 5 3 4 -6 8 -8 9 -10 15 -12 12 -14 -15 20 -17 -18 -19 -20 -21 21 -23 -24 -25 26 -27 27 -29
leaf_value=-0.021625554193691426 -0.02112927066452297 -0.037310899447974631 0.033019554349780884 0.063659784462335181 0.036447200139154812 -0.0014951353132453098 0.064295557879524692 0.063145369533095227 0.056859894354507924 0.039427801759563993 -0.012607685841972261 -0.032879933044366379 0.02526982896968076 0.010227524421871546 0.00054199184070921819 0.0079171961605800107 0.0035960555144575451 -0.0082548057098696167 0.012095857764990663 0.090595462175669106 -0.045767659549556639 -0.0091405506690122925 -0.045065772263634077 -0.004805821931162229 -0.049327019436000021 -0.020841226489678344 -0.018723519684832872 -0.041365823715641958
leaf_weight=7.9837588891386977 17.704729061573744 14.946523386985065 20.943895433098078 54.810920603573322 39.566324383020401 16.252874031662945 36.620862547308207 33.507979221642017 13.803034864366053 27.096358802169561 23.999174050986767 15.911771807819603 20.884454358369112 16.963048812001944 8.5068837627768499 22.806936971843243 11.335044573992489 8.3313993811607343 14.596192412078379 46.859987176954746 14.358934693038465 11.938795428723095 18.016085732728243 16.91176538541913 227.83191202580929 9.240546625107525 7.1742666624486437 59.792104728519917
leaf_count=212 259 361 218 344 229 260 265 359 203 272 259 341 347 300 213 194 217 207 204 229 377 270 370 364 7046 217 213 1675
internal_value=-0.00018103 -0.0318477 0.0465214 0.0520964 0.0667287 -0.0035552 0.0389203 0.0308051 0.0271796 0.0419824 0.00915594 -0.0119175 0.00328723 -0.011326 -0.0433159 0.0258867 -0.024953 -0.045881 -0.00628559 0.0775827 -0.0239915 -0.0295801 -0.0313299 -0.0213589 -0.0468554 -0.0383983 -0.0473883 -0.0395534
internal_weight=838.697 500.183 338.513 306.212 141.237 145.025 164.975 128.354 30.0559 83.4113 44.9431 114.969 53.7593 32.8748 355.159 49.9033 61.2094 311.113 32.3009 101.671 44.0452 35.5383 49.8744 31.8583 302.782 23.5995 294.798 66.9664
internal_count=16025 13193 2832 2369 802 2763 1567 1302 463 825 477 2300 988 641 10430 466 1312 9353 463 573 1077 864 1095 725 9146 594 8934 1888
is_linear=0
shrinkage=0.05


Tree=13
num_leaves=31
num_cat=0
split_feature=8 58 58 72 19 135 92 66 36 118 31 49 33 6 7 65 53 121 58 98 62 120 78 10 114 121 6 48 32 9
split_gain=465.633 54.0581 28.0489 20.217 21.0271 23.6566 16.0335 14.1731 15.5008 16.342 10.0825 8.80673 7.11064 6.92864 6.19921 5.91389 5.21377 4.45944 4.43635 4.11976 5.39816 4.00061 3.43888 3.23113 2.11606 1.43164 1.32015 0.956204 0.95442 0.692588
threshold=570.75000000000011 81.500000000000014 24.500000000000004 7.5000000000000009 215.87324500000003 52.500000000000007 2.5000000000000004 4.5000000000000009 31.500000000000004 0.0081716120000000017 2370.5000000000005 1686.4074000000003 292.50000000000006 8031.1000000000013 362.3300000000001 1.5000000000000002 61.500000000000007 8225.4750000000022 7.5000000000000009 8.5000000000000018 2.5000000000000004 55.500000000000007 6.5000000000000009 69.750000000000014 0.073029310000000014 4187.8650000000007 299.99500000000006 34.175678000000012 682.50000000000011 696.22500000000002
decision_type=2 2 2 2 2 2 2 2 2 2 2 2 2 2 2 2 2 2 2 2 2 2 2 2 2 2 2 2 2 2
left_child=2 7 18 4 6 15 10 21 9 -9 12 17 -3 -8 -13 -6 -5 19 28 20 26 29 -20 27 25 -21 -4 -24 -1 -2
right_child=1 3 11 16 5 -7 13 8 -10 -11 -12 14 -14 -15 -16 -17 -18 -19 22 24 -22 -23 23 -25 -26 -27 -28 -29 -30 -31
leaf_value=-0.047770039864272119 -0.04067326758764242 0.0039142367278277041 -0.036810626907955633 0.053059764359732836 0.086115857190874862 0.018599704721111332 0.020933543833178567 0.058083170117671494 -0.021949028866755121 -0.0061428678218810387 -0.011578955556873931 -0.013885148879914037 0.04752275924250321 0.057721578724374251 0.033819797684852458 0.050184619527918174 0.085036108280362885 0.010147468404123205 -0.004030451006051418 -0.045325731908185403 0.019941793706362076 0.0028386617328591637 -0.020939030146574819 -0.010319404521257423 -0.010751899814668007 -0.017060752770627297 -0.0083851115943231157 -0.044300891068516861 -0.020868025567165827 -0.017757481329793649
leaf_weight=229.96299377828836 10.810971647500994 18.913049388676882 8.0848781708627993 44.731957402080297 41.059653867036104 31.099621571600437 24.208943743258715 25.993393253535032 14.560355521738527 14.780338820070027 31.453015170991421 10.958899199962618 17.273925546556711 36.511961199343204 12.936074104160069 32.825014609843493 39.712698079645634 9.1011896654963476 10.609717467799781 27.057028688490391 9.1279061902314407 12.970786713063715 11.078005103394387 12.448346845805643 10.046141190454362 9.3490756340324861 9.4734634794294816 44.166748071089387 7.764198947697877 11.997903928160666
leaf_count=7410 226 229 212 254 317 217 283 376 181 235 317 219 197 244 212 202 225 154 304 639 218 191 333 323 213 194 225 1234 214 194
internal_value=0.000793396 0.0387255 -0.0359565 0.0484074 0.0401687 0.0567508 0.0259439 0.00464214 0.0202215 0.0356028 0.00876591 -0.0133893 0.0261296 0.0441897 0.0125584 0.0718959 0.0697171 -0.0210477 -0.0434035 -0.0250963 -0.00855903 -0.0192467 -0.0313686 -0.0354148 -0.0338513 -0.0393337 -0.0238996 -0.0405115 -0.0470728 -0.0310224
internal_weight=831.068 408.904 422.165 317.79 233.345 104.984 128.361 91.1137 55.3341 40.7737 67.64 106.135 36.187 60.7209 23.895 73.8847 84.4447 82.2397 316.03 73.1385 26.6862 35.7797 78.3028 67.6931 46.4522 36.4061 17.5583 55.2448 237.727 22.8089
internal_count=15992 3888 12104 2485 2006 736 1270 1403 792 611 743 2286 426 527 431 519 479 1855 9818 1701 655 611 2194 1890 1046 833 437 1567 7624 420
is_linear=0
shrinkage=0.05


Tree=14
num_leaves=31
num_cat=0
split_feature=8 9 54 102 10 21 104 11 49 59 8 70 50 73 117 134 6 50 122 60 6 86 141 12 41 59 119 28 57 56
split_gain=399.569 52.9211 33.1415 18.1606 14.7419 15.3737 9.2372 12.3553 8.64658 7.97291 7.84183 7.09286 6.70232 6.07877 8.51087 5.27019 5.25821 4.89034 3.94775 3.53185 2.81907 2.70143 4.65715 1.87259 1.33697 1.28984 0.887669 0.703869 0.601153 0.0843625
threshold=570.75000000000011 3410.7000000000003 425.50000000000006 6.5000000000000009 712.8850000000001 1635.5000000000002 1.0000000180025095e-35 57.95000000000001 1968.9449000000002 285.50000000000006 115.64000000000001 9.5000000000000018 72.500000000000014 1.0000000180025095e-35 0.0021715552000000004 52.500000000000007 7543.8300000000008 8.5000000000000018 97.500000000000014 9.5000000000000018 2272.9050000000002 8.5000000000000018 2.5000000000000004 5.5000000000000009 7.5000000000000009 7.5000000000000009 8.5000000000000018 25.500000000000004 85.500000000000014 36.500000000000007
decision_type=2 2 2 2 2 2 2 2 2 2 2 2 2 2 2 2 2 2 2 2 2 2 2 2 2 2 2 2 2 2
left_child=2 4 10 15 6 -6 12 17 13 -5 23 -7 16 14 -4 -3 18 -8 -2 21 26 22 -12 27 -20 -25 -16 -1 -29 -23
right_child=1 3 8 9 5 11 7 -9 -10 -11 19 -13 -14 -15 20 -17 -18 -19 24 -21 -22 29 -24 25 -26 -27 -28 28 -30 -31
leaf_value=-0.01902443347068359 -0.001350537774181213 0.045254476550180209 0.012959120773661584 0.051588907606906834 0.056249081023529462 0.032015443311649669 0.058034773934220844 -0.0020913091426140226 0.020121471114304998 0.083993136333322976 0.0050355008897162955 -0.0045187024701528015 0.025685328298589223 0.019070174838616564 -0.045624759604316958 0.017291283203339454 0.01145189667231606 0.018531207889823206 -0.016520275880863917 0.0036701195351703259 -0.0066876740330875945 -0.045792875998238197 -0.040710351532783191 -0.036063701739352472 -0.043716233578581148 -0.010342193494684572 -0.022213044502674778 -0.048301594066094911 -0.020519694150333168 -0.023657609236240693
leaf_weight=5.7369171697646371 15.560275588184593 48.206199187785387 12.557395018637179 56.281292878091335 40.189359437674284 25.543150275945663 17.548960294574499 31.6640983261168 20.521598815917969 50.734917744994164 12.989938527345659 24.824439540505409 12.362592402845619 9.171887554228304 21.048652477562428 30.991466611623764 15.265737324953077 17.678986202925444 11.826368674635889 9.6585211381316167 9.9179026186466199 14.717967489734294 7.2617427650839081 20.48742783069611 13.376022826880215 8.8888023290783149 13.133695483207701 227.60282272472978 6.082603992894291 8.6716966964304429
leaf_count=173 315 318 277 302 394 261 239 380 361 235 371 205 163 174 504 200 173 215 224 216 172 402 207 622 210 240 325 7679 172 222
internal_value=0.000324815 0.0349795 -0.0346357 0.0546111 0.0184551 0.0338571 0.00780222 0.0207396 -0.00693357 0.0682104 -0.0419738 0.0145241 -0.00508133 -0.0157123 -0.0218012 0.0350074 -0.0125212 0.0402707 -0.021615 -0.0230888 -0.0318319 -0.0289123 -0.0135525 -0.0455203 -0.0331073 -0.0294361 -0.0383545 -0.0472335 -0.0477587 -0.0400963
internal_weight=820.503 412.054 408.45 186.214 225.84 90.5569 135.283 66.892 86.3511 107.016 322.098 50.3676 68.391 65.8295 56.6576 79.1977 56.0284 35.2279 40.7627 53.2999 44.1003 43.6413 20.2517 268.799 25.2024 29.3762 34.1823 239.422 233.685 23.3897
internal_count=15951 3834 12117 1055 2779 860 1919 834 1813 537 10304 466 1085 1452 1278 518 922 454 749 1418 1001 1202 578 8886 434 862 829 8024 7851 624
is_linear=0
shrinkage=0.05


Tree=15
num_leaves=31
num_cat=0
split_feature=13 6 12 17 62 30 115 58 116 99 131 54 56 66 56 38 110 71 28 120 24 29 59 54 115 59 38 43 114 85
split_gain=347.974 44.559 40.351 19.7774 11.6494 11.817 12.5236 10.0127 9.87765 11.1127 9.50323 9.45107 9.03002 8.88837 8.11041 5.36758 5.26405 5.59668 4.09528 5.18544 3.49785 3.21013 3.40113 2.99313 6.61287 2.52436 1.34927 0.406446 0.287482 0.150765
threshold=11.500000000000002 6426.3400000000011 5.5000000000000009 6.5000000000000009 59.500000000000007 10410.000000000002 0.090123822000000006 27.500000000000004 0.0029391675500000003 6.5000000000000009 72.500000000000014 432.50000000000006 618.50000000000011 12.500000000000002 534.50000000000011 351.50000000000006 2.5000000000000004 3.5000000000000004 18.500000000000004 29.500000000000004 1598.5000000000002 24.500000000000004 2.5000000000000004 43.500000000000007 0.12049011500000002 3.5000000000000004 63.500000000000007 13.500000000000002 0.025004168000000004 2.5000000000000004
decision_type=2 2 2 2 2 2 2 2 2 2 2 2 2 2 2 2 2 2 2 2 2 2 2 2 2 2 2 2 2 2
left_child=2 3 14 11 5 6 10 23 9 -9 12 28 13 -3 21 -14 20 -18 -10 -20 -13 22 -1 -4 25 -25 -27 -24 -2 -23
right_child=1 4 7 -5 -6 -7 -8 8 18 -11 -12 16 15 -15 -16 -17 17 -19 19 -21 -22 29 27 24 -26 26 -28 -29 -30 -31
leaf_value=0.0022500702387546574 -0.019808760649576942 0.057243184269022113 -0.045255167985868872 0.057723611751101189 0.070298813422623438 0.014117840383205358 0.018161453917493901 0.044113513489360073 0.0080044298752849422 -0.0092076999177783149 0.022077874390234242 0.0022419447518788006 0.083975098853928204 0.015313577197486654 0.0065124876909730973 0.051404939722134863 -0.020928390987743149 0.010935449056651054 0.003637756218684467 -0.038788827403992476 0.038669242183736956 -0.048530832680466165 -0.044463780540859199 -0.0078203567078331416 0.020288564792412304 -0.043783750267091963 -0.014738860715982505 -0.022980380044583523 -0.042843912351235733 -0.033959736742471207
leaf_weight=7.3228845894336692 8.8534262645989674 25.131455969065428 13.843645384535192 13.230359394103287 34.707397297024727 44.406200803816319 42.926313251256943 19.10926665365696 12.667935360223053 17.118679407984018 29.912926092743874 12.456596646457912 32.801398277282715 27.438717477023602 7.3097816966474047 49.113858550786972 25.364167876541615 25.955777522176504 10.408893633633854 19.25654131360352 12.644864056259392 215.49150339886546 11.818682396784427 13.90639786981046 7.7287586592137805 16.256066625937823 8.7673793751746398 13.479904742911456 8.8686679136008006 23.422352919355035
leaf_count=230 203 247 424 123 163 256 341 377 215 280 212 214 212 225 141 298 387 323 199 379 194 7522 336 381 209 422 218 330 204 721
internal_value=-0.00119886 0.0324402 -0.0329019 0.00484796 0.0426781 0.0383458 0.0433506 -0.0106962 0.00115685 0.0197543 0.0496305 -0.00362907 0.0553455 0.0367216 -0.0438211 0.0661376 0.00423019 -0.00500711 -0.0149316 -0.0246128 0.0220917 -0.0452138 -0.0274162 -0.0256317 -0.0181885 -0.0264455 -0.0354514 -0.035539 -0.034512 -0.0473961
internal_weight=811.721 393.812 417.909 107.374 286.438 251.731 207.325 139.064 78.5613 36.2279 164.398 94.1435 134.485 52.5702 278.845 81.9153 76.4214 51.3199 42.3334 29.6654 25.1015 271.535 32.6215 60.5022 46.6586 38.9298 25.0234 25.2986 17.7221 238.914
internal_count=15986 3602 12384 1648 1954 1791 1535 3104 1450 657 1194 1525 982 472 9280 510 1118 710 793 578 408 9139 896 1654 1230 1021 640 666 407 8243
is_linear=0
shrinkage=0.05


Tree=16
num_leaves=30
num_cat=0
split_feature=7 121 55 31 98 115 41 31 69 39 9 78 45 116 27 102 121 116 120 116 117 33 7 29 59 57 27 9 31
split_gain=355.034 48.6381 25.5384 15.3885 14.7012 15.9183 12.8226 11.949 14.8375 11.7039 6.91687 9.07904 8.44814 5.55473 4.92277 5.18546 4.12464 3.67068 3.11646 2.86747 2.75279 2.57276 1.97652 2.59895 1.18613 1.10995 0.729931 0.717367 0.346638
threshold=1056.1450000000002 15506.935000000003 129.50000000000003 1175.5000000000002 24.500000000000004 0.091729550000000007 23.500000000000004 1542.5000000000002 10.500000000000002 51.500000000000007 83.935000000000016 22.500000000000004 7.5000000000000009 0.0029391675500000003 982.50000000000011 2.5000000000000004 9851.465000000002 0.0031446619000000003 29.500000000000004 0.0025051034500000002 0.0021715552000000004 481.50000000000006 530.1500000000002 30.500000000000004 12.500000000000002 8.5000000000000018 70.500000000000014 213.82000000000002 1504.5000000000002
decision_type=2 2 2 2 2 2 2 2 2 2 2 2 2 2 2 2 2 2 2 2 2 2 2 2 2 2 2 2 2
left_child=2 3 21 16 5 6 9 -5 14 -3 20 12 17 -6 15 -9 19 -12 -13 -2 -4 22 24 -24 26 -22 -1 -28 -27
right_child=1 4 10 7 13 -7 -8 8 -10 -11 11 18 -14 -15 -16 -17 -18 -19 -20 -21 25 -23 23 -25 -26 28 27 -29 -30
leaf_value=-0.021878489287624203 -0.034661742513196557 0.031201235719032203 -0.0073458643141873217 0.051242292103049127 0.045943660185926695 0.00084659670171248621 0.022916343440967064 0.010791175540402936 0.045477612574571342 0.078738589961779862 0.013604172634649579 -0.0017809863261768373 0.041899838848087394 0.072380193828296246 0.015763279367437828 -0.021768511901801402 0.0084788600792023872 -0.028261022877114413 -0.0335446450744286 -0.0049596315371847046 -0.013486766095541875 -0.0081221582221182153 -0.041403269510513596 -0.0037412908303068749 -0.017139959808661145 -0.046697339720590703 -0.047272621093672612 -0.018366839353376897 -0.02206846044324183
leaf_weight=8.1944808159023506 18.955887734889984 28.59815339744091 12.587515683844684 22.00074103847146 67.773244671523571 30.418345246464014 55.154849998652935 18.700219012796879 22.664106599986553 30.610440477728844 8.6679043378680998 12.721662309020759 13.841505531221626 48.645543642342091 31.656924936920404 28.776178665459156 13.776831548660992 8.5371873844414932 18.619320135563612 14.525965584442018 7.2139890287071458 6.074509620666503 7.7280226014554527 9.4894465375691635 6.7383936587721101 17.261979626491669 224.9483270868659 5.5751762930303803 8.0541218165308219
leaf_count=272 334 269 329 306 349 256 361 270 179 219 206 244 264 240 388 348 175 200 354 258 214 172 204 268 195 462 8163 163 194
internal_value=0.000222842 0.031069 -0.0351915 0.0101754 0.0445706 0.0331078 0.0415266 0.0193603 0.0116153 0.0575475 -0.0142421 -0.00321171 0.0154658 0.058026 0.00103498 -0.00902596 -0.0136942 -0.00794913 -0.0215317 -0.0227815 -0.0287109 -0.0434046 -0.044153 -0.0231954 -0.0454237 -0.0360737 -0.0460731 -0.0467375 -0.0410513
internal_weight=808.511 432.257 376.254 171.057 261.201 144.782 114.363 123.798 101.797 59.2086 107.505 62.3876 31.0466 116.419 79.1333 47.4764 47.2587 17.2051 31.341 33.4819 45.1176 268.748 262.674 17.2175 245.456 32.5301 238.718 230.524 25.3161
internal_count=15856 3952 11904 2258 1694 1105 849 1491 1185 488 2467 1268 670 589 1006 618 767 406 598 592 1199 9437 9265 472 8793 870 8598 8326 656
is_linear=0
shrinkage=0.05


Tree=17
num_leaves=29
num_cat=0
split_feature=7 60 55 115 12 119 28 121 13 49 120 27 120 133 90 27 49 91 60 1 46 42 33 23 120 86 89 34
split_gain=318.697 61.9611 18.3783 12.405 12.2443 10.736 10.2044 9.207 8.15019 6.7354 6.5138 6.46535 5.71631 5.2991 5.19887 4.35499 6.90932 10.1352 3.88779 3.03512 3.01938 2.15938 3.17468 3.1627 2.09902 0.907564 0.645607 0.0292149
threshold=2536.4200000000005 9.5000000000000018 876.50000000000011 0.024193893500000004 3.5000000000000004 1.5000000000000002 3.5000000000000004 9524.3250000000025 46.500000000000007 1968.9449000000002 73.500000000000014 982.50000000000011 82.500000000000014 56.500000000000007 11.500000000000002 536.50000000000011 490.70353500000004 1.5000000000000002 50.500000000000007 3.5000000000000004 4144.6180000000013 105.50000000000001 481.50000000000006 4.5000000000000009 22.500000000000004 13.500000000000002 2.5000000000000004 57.500000000000007
decision_type=2 2 2 2 2 2 2 2 2 2 2 2 2 2 2 2 2 2 2 2 2 2 2 2 2 2 2 2
left_child=1 4 5 -4 25 -2 -3 15 10 12 -5 -7 21 14 -10 20 19 -18 -19 -17 -8 22 23 26 -25 -1 -6 -27
right_child=2 6 3 8 9 11 7 -9 13 -11 -12 -13 -14 -15 -16 16 17 18 -20 -21 -22 -23 -24 24 -26 27 -28 -29
leaf_value=-0.048012879296494865 0.034616097554984557 0.031052394026438501 0.013896347758540879 0.042415276414697167 -0.044042801523593106 -0.015284258737819568 -0.0050465901093359449 0.028243977102060325 0.042113504721856501 0.012152903138469034 0.010587395288055136 0.01867341860640612 0.010236717058902528 0.034699286071630475 0.068795559025141811 -0.040628466251718065 0.042214977594175279 -0.020636740326561539 0.013300103595927615 -0.0085117022265747723 -0.041210842890988739 -0.0091785468556674337 -0.0020966413300816688 0.0063959396496112474 -0.029105364920690921 -0.033513706436704031 -0.018859650350267536 -0.01612412840633673
leaf_weight=191.33831685781479 40.069743644446135 21.17422291636467 35.794718600809574 45.088204454630613 61.572685228660703 27.899001576006413 9.7209165673702973 15.623951990157364 44.198613010346889 9.6769318319857103 26.970836158841848 24.390729393810034 7.5927605871111146 40.851072270423174 68.80639311671257 11.383493391796948 12.746995236724613 19.526550076901916 12.139693774282931 19.501205291599035 14.87329584918916 10.767617117613552 7.0323446430265895 6.6620320435613376 6.9723526332527399 6.4612448737025243 7.1075342558324328 7.9095745049417019
leaf_count=7324 392 274 222 350 1805 349 237 220 245 233 193 249 162 221 347 301 251 349 173 392 275 242 167 216 222 216 180 244
internal_value=-8.83642e-05 -0.0274957 0.0354565 0.0422163 -0.0393718 0.0158131 0.000738878 -0.00525154 0.0465421 -0.0257441 0.0311101 0.000659813 -0.0293085 0.0532777 0.0592735 -0.0109421 -0.00466244 0.00789356 -0.00760936 -0.0221003 -0.0283713 -0.0324494 -0.0349915 -0.0376854 -0.0131596 -0.0468255 -0.0420441 -0.0270818
internal_weight=813.853 459.784 354.069 261.71 323.093 92.3595 136.69 115.516 225.915 117.384 72.059 52.2897 107.707 153.856 113.005 99.8922 75.2979 44.4132 31.6662 30.8847 24.5942 100.115 89.3469 82.3146 13.6344 205.709 68.6802 14.3708
internal_count=16051 13483 2568 1578 11011 990 2472 2198 1356 3227 543 598 2994 813 592 1978 1466 773 522 693 512 2832 2590 2423 438 7784 1985 460
is_linear=0
shrinkage=0.05


Tree=18
num_leaves=30
num_cat=0
split_feature=8 13 59 116 102 53 137 115 38 64 136 0 12 120 128 55 20 51 29 79 59 33 49 46 8 84 8 7 55
split_gain=280.942 41.5503 19.9183 15.5365 15.1624 14.5012 9.96817 12.1223 10.532 10.1309 8.74243 8.34508 7.68929 7.80327 6.13106 5.91319 5.95576 4.44263 4.2525 4.0425 4.00568 3.78254 3.45985 3.32003 3.03727 1.85383 1.72191 0.501646 0.340595
threshold=374.24000000000007 45.500000000000007 7.5000000000000009 0.00012555362500000001 6.5000000000000009 16.500000000000004 48.500000000000007 0.07138478500000002 454.50000000000006 1.0000000180025095e-35 76.500000000000014 18.500000000000004 29.500000000000004 33.500000000000007 1.5000000000000002 857.50000000000011 98.987180000000009 11.500000000000002 2.5000000000000004 4.5000000000000009 210.50000000000003 390.50000000000006 25.644004000000006 10182.612750000002 227.69500000000002 5.5000000000000009 684.81000000000006 653.46000000000015 99.500000000000014
decision_type=2 2 2 2 2 2 2 2 2 2 2 2 2 2 2 2 2 2 2 2 2 2 2 2 2 2 2 2 2
left_child=2 3 21 11 5 17 7 8 9 -5 23 26 13 -9 -14 16 18 -3 -4 -20 -6 24 -21 -8 25 28 -2 -24 -1
right_child=1 4 15 6 20 -7 10 12 -10 -11 -12 -13 14 -15 -16 -17 -18 -19 19 22 -22 -23 27 -25 -26 -27 -28 -29 -30
leaf_value=-0.048275920718784816 -0.014121915978521674 0.020310837531972506 0.0027357097516877964 0.014223364690202531 0.037840019698799549 0.045752676287160218 -0.0024594645348422683 0.013895675007261977 0.0048481010728941678 0.061153426743276784 0.017976786869590474 0.0073902548934729169 0.039647011481790673 -0.033886080620303217 0.0018884325291991123 0.0081965877699632164 0.012454338360139421 -0.0068411744606961759 0.0022241189671940945 -0.0097523525177163166 0.060351467967413634 -0.0088423989108800446 -0.046402836753057071 -0.035451142694895826 -0.014736693555208243 -0.020715005574957653 -0.044674931912927561 -0.021424326691426465 -0.023266019713667801
leaf_weight=194.90936356037855 9.8890461996197718 29.847284195944667 9.8193264324218017 18.220028754323721 49.688833374530077 43.572377055883408 14.559474129229786 14.940404029563071 20.581456176936626 38.049438301473856 26.528481302782893 20.417489038780332 19.977572340518236 15.662673994898794 21.458048976957798 18.440448850393295 9.6206506192684156 27.138186398893595 7.3233565315604201 11.163409112021325 70.579620711505413 8.5443642996251565 34.789215158671141 14.787310117855666 10.219190519303082 11.068125294521449 14.886424984782932 7.7230330500751725 6.9397589117288581
leaf_count=7756 248 231 213 253 282 264 239 245 180 377 299 285 200 260 223 343 225 192 229 347 322 254 1001 165 305 392 264 163 237
internal_value=-0.00068286 0.0240869 -0.0358926 0.00999821 0.0398012 0.024694 0.0158429 0.0225248 0.0360964 0.0469673 -0.00212537 -0.0160326 0.00746263 -0.0111376 0.0210805 -0.0166384 -0.0223924 0.00758671 -0.0273384 -0.0321127 0.051822 -0.0438974 -0.0367092 -0.0202846 -0.0451493 -0.0464583 -0.0344456 -0.0430316 -0.0476528
internal_weight=801.344 470.784 330.56 249.958 220.826 100.558 204.765 148.89 76.8509 56.2695 55.8753 45.193 72.0387 30.6031 41.4356 98.8794 80.439 56.9855 70.8183 60.999 120.268 231.681 53.6757 29.3468 223.136 212.917 24.7755 42.5122 201.849
internal_count=15994 4529 11465 3238 1291 687 2441 1738 810 630 703 797 928 505 423 2521 2178 423 1953 1740 604 8944 1511 404 8690 8385 512 1164 7993
is_linear=0
shrinkage=0.05


Tree=19
num_leaves=28
num_cat=0
split_feature=8 9 58 37 102 120 58 42 48 122 131 115 115 58 37 127 127 34 20 24 59 19 6 55 43 117 55
split_gain=263.223 29.3085 25.3432 13.3057 10.7914 10.3497 9.43681 13.0225 8.67879 11.0793 8.77871 14.5267 7.35722 6.31378 8.5789 8.10176 5.95998 8.87649 5.37124 4.07481 2.89334 2.73721 2.73063 2.15287 1.79336 0.688269 0.584309
threshold=441.42500000000007 3410.7000000000003 7.5000000000000009 22.500000000000004 2.5000000000000004 103.50000000000001 742.50000000000011 253.50000000000003 218.47615000000005 332.50000000000006 43.500000000000007 0.050013305000000008 0.065628215000000018 87.500000000000014 10.500000000000002 1.5000000000000002 1.5000000000000002 56.500000000000007 89.91125000000001 1650.5000000000002 56.500000000000007 212.98333000000002 1504.8500000000001 19.500000000000004 14.500000000000002 0.030990601500000003 80.500000000000014
decision_type=2 2 2 2 2 2 2 2 2 2 2 2 2 2 2 2 2 2 2 2 2 2 2 2 2 2 2
left_child=2 5 22 16 -3 8 7 -6 21 10 11 -10 -7 14 -13 -15 18 24 20 -12 23 -2 26 -4 -18 -25 -1
right_child=1 4 3 -5 6 12 -8 -9 9 -11 19 13 -14 15 -16 -17 17 -19 -20 -21 -22 -23 -24 25 -26 -27 -28
leaf_value=-0.048638306734133718 -0.031818140441233475 0.014521109559892035 -0.011259599477788261 0.021459049018261258 0.05446863155516251 0.011339884249272743 0.062268452091605059 0.019460281366017261 0.051753636341756594 -0.022188881361538751 -0.017704107955299541 0.01482723071610628 0.047588399816100115 0.036550235218275225 -0.034045815660270776 -0.0012634821002399359 -0.0087747107860720319 0.025278448028973801 -0.001602320595687475 0.013845026719630227 -0.0029109940892839883 0.00098008058799480577 -0.011278062457116185 -0.042755710391389583 -0.041576754024430569 -0.021781310969554893 -0.021205501447138151
leaf_weight=170.79271373152733 14.944617606699468 42.632619846612215 9.2601751182228309 16.790203850716352 46.658817045390606 28.188493110239506 49.600760780274868 66.679375492036343 28.936726178973913 20.495870193466544 23.220402287319303 19.966459028422832 29.428480882197618 33.47162875905633 13.255679551512001 23.366342179477215 9.6950663235038572 12.821865217760203 14.83103860914707 15.36477620154619 7.117498042061924 9.9984439462423307 6.7109109740704289 58.535801269114017 7.7498138621449462 11.440018851310013 6.3573343288153401
leaf_count=7179 332 267 338 310 259 221 216 329 327 193 307 347 265 373 207 256 299 289 369 193 147 187 200 1778 198 358 233
internal_value=-0.000432206 0.0237613 -0.0343343 -0.0185793 0.0378092 0.0124779 0.0436525 0.034567 0.00701982 0.0109208 0.0154513 0.0220819 0.0308296 0.0116311 -0.00549911 0.0214903 -0.0239383 -0.00413158 -0.0296681 -0.00507794 -0.0343429 -0.0195741 -0.0467005 -0.0370252 -0.0261244 -0.0400272 -0.0479016
internal_weight=798.312 466.209 332.102 148.241 205.572 260.638 162.939 113.338 203.021 178.078 157.582 118.997 57.617 90.0601 33.2221 56.838 131.451 30.2667 101.185 38.5852 86.3535 24.9431 183.861 79.236 17.4449 69.9758 177.15
internal_count=15977 4279 11698 4086 1071 3208 804 588 2722 2203 2010 1510 486 1183 554 629 3776 786 2990 500 2621 519 7612 2474 497 2136 7412
is_linear=0
shrinkage=0.05


Tree=20
num_leaves=31
num_cat=0
split_feature=7 9 58 11 106 27 128 18 21 115 66 45 120 0 11 58 7 41 136 6 60 9 89 29 119 8 33 41 19 118
split_gain=254.716 26.6404 25.8923 19.331 11.1683 10.7762 11.648 12.2051 11.3781 8.96663 10.333 8.14821 11.4845 8.09019 7.98676 7.28389 6.54064 5.75814 5.56553 5.20343 4.967 4.84257 3.24422 2.00991 1.80082 2.18481 1.38395 1.32161 0.995454 0.857931
threshold=1056.1450000000002 75.15000000000002 83.500000000000014 559.74000000000012 7.5000000000000009 973.50000000000011 1.5000000000000002 189.98708500000001 932.50000000000011 0.056546186500000005 4.5000000000000009 7.5000000000000009 29.500000000000004 94.500000000000014 68.950000000000017 179.50000000000003 519.2850000000002 27.500000000000004 38.500000000000007 7543.8300000000008 128.50000000000003 268.54500000000002 2.5000000000000004 107.50000000000001 10.500000000000002 271.05000000000007 236.50000000000003 18.500000000000004 139.42500000000004 0.017859454500000004
decision_type=2 2 2 2 2 2 2 2 2 2 2 2 2 2 2 2 2 2 2 2 2 2 2 2 2 2 2 2 2 2
left_child=1 16 4 5 9 8 14 -8 -4 10 -2 18 17 20 -7 -10 22 -13 -3 21 -5 -11 27 -24 28 -26 -23 29 -20 -1
right_child=2 11 3 13 -6 6 7 -9 15 19 -12 12 -14 -15 -16 -17 -18 -19 24 -21 -22 26 23 -25 25 -27 -28 -29 -30 -31
leaf_value=-0.046442054357042455 -0.0022634136355698564 0.0097678731443713931 0.039668611059460339 0.020284123024056834 -0.034797122856338895 0.067012814965181675 -0.0065906809116217857 0.038340070994099765 0.018820573227891088 0.012253104671251118 0.049600229876184211 0.053472679956137116 -0.019392838899511287 0.061274166185904567 0.027662044869595455 -0.011367791304376922 -0.0039615316702542773 0.0028803739501991697 -0.040691572657953451 0.017989547548645079 0.046995842326205794 -0.010456732171584382 -0.032028426025434271 0.00034361780088553958 0.0060271402404427337 -0.02919710005381217 -0.036467955119832418 -0.015768611134580567 -0.013972481701411691 -0.016367612703432996
leaf_weight=195.42504640109837 16.361089354380965 10.196281868964432 22.271922186017036 39.678321119397879 14.716819953173397 27.34543240070343 30.202742364257574 27.291552186012268 30.9950229562819 10.385548388585446 20.690013337880373 10.742366472259166 20.368594821542501 55.928568467497826 31.811400081962347 48.664902947843075 11.590983044356106 10.498334623873232 24.755110744386911 16.28534597530961 38.842106714844704 11.038184849545361 10.650812167674305 7.6536999959498635 7.5802224986255151 6.9199628420174122 13.191006263718007 6.4445092175155869 7.2597831431776276 5.2251327056437722
leaf_count=8278 271 298 185 231 178 228 252 174 333 227 236 224 397 246 212 385 327 183 694 174 194 218 291 242 245 189 236 216 191 207
internal_value=0.000672576 -0.0322967 0.024967 0.0313629 0.00279511 0.0218534 0.032133 0.0153091 0.00969742 0.00971923 0.0277552 -0.0101482 0.00650269 0.0462762 0.0474487 0.000551521 -0.0413237 0.0308669 -0.0221704 -0.00396247 0.0343368 -0.0147088 -0.0431932 -0.0197921 -0.0292854 -0.0122845 -0.0263188 -0.0450525 -0.0358105 -0.0458282
internal_weight=791.011 335.311 455.7 353.032 102.668 218.583 116.651 57.4943 101.932 87.9512 37.0511 98.3207 41.6093 134.449 59.1568 79.6599 236.99 21.2407 56.7114 50.9001 78.5204 34.6147 225.399 18.3045 46.5151 14.5002 24.2292 207.095 32.0149 200.65
internal_count=15962 11982 3980 2440 1540 1769 866 426 903 1362 507 2421 804 671 440 718 9561 407 1617 855 425 681 9234 533 1319 434 454 8701 885 8485
is_linear=0
shrinkage=0.05


Tree=21
num_leaves=31
num_cat=0
split_feature=7 0 55 33 118 117 18 54 34 32 13 0 11 17 55 50 43 30 49 13 118 21 92 19 121 119 131 60 27 59
split_gain=218.532 43.992 16.6346 14.548 13.5878 13.2681 20.5569 12.5275 8.14332 10.5589 10.2203 7.70278 6.87837 15.527 11.0544 6.85534 6.48538 5.76197 4.86965 6.0566 4.86444 4.34477 4.31605 3.91581 3.87557 2.92515 3.32538 1.10639 0.249189 0.0705112
threshold=403.80000000000001 45.500000000000007 439.50000000000006 280.50000000000006 0.0087599785000000013 0.0088368627500000022 226.59000000000003 108.50000000000001 43.500000000000007 200.50000000000003 5.5000000000000009 37.500000000000007 24.950000000000003 4.5000000000000009 804.50000000000011 91.500000000000014 108.50000000000001 618.50000000000011 303.62684000000007 13.500000000000002 0.040161290000000009 1858.5000000000002 1.5000000000000002 29.501667000000001 9209.6450000000023 41.500000000000007 20.500000000000004 13.500000000000002 70.500000000000014 13.500000000000002
decision_type=2 2 2 2 2 2 2 2 2 2 2 2 2 2 2 2 2 2 2 2 2 2 2 2 2 2 2 2 2 2
left_child=7 2 4 -3 8 6 -5 20 9 -2 -11 12 14 16 -4 -7 21 -9 24 -20 28 -14 25 -24 -10 26 -19 -28 -1 -6
right_child=1 3 11 5 29 15 -8 17 18 10 -12 -13 13 -15 -16 -17 -18 22 19 -21 -22 -23 23 -25 -26 -27 27 -29 -30 -31
leaf_value=-0.01945020033696488 -0.020808163918941223 0.0034660689291988222 0.0029557059824869016 0.0016165801418441929 -0.046587312697159086 0.033602717936017663 0.046895822490936823 0.013452474738358129 -0.041206448858137672 -0.0089446974031048062 0.051505630227577454 -0.0081756616223514836 0.026573534202383162 0.041008286452727444 0.049781459317822518 0.062169288643485032 -0.022633990515626909 -0.0040719205627367241 0.025089566541594933 -0.021240325203792182 0.0036370834933960824 -0.007515216002961885 0.017597645268097699 -0.024855780182953941 -0.0036411754423468501 -0.0017911720301760248 -0.045319355487451904 -0.020420682216868196 -0.048574220511302453 -0.02546893999291211
leaf_weight=4.3545417152345172 12.176474716514347 34.568608047440648 19.750494431704283 49.477270592004061 15.004143409430982 45.451149400323629 49.117520712316036 8.8047396540641767 16.213855460286144 9.6943295430392045 19.011898877099156 29.035447049885988 16.843576420098543 26.031121484935284 34.175098899751902 61.960622571408749 24.751997325569391 7.5079579278826705 12.758184967562558 11.544683014973996 4.4098021816462269 17.187308255583048 8.7529168650507945 9.053177582100032 11.695347666740416 7.1009688582271329 38.231070490553975 10.698703058063982 154.37739138305187 10.513228276744483
leaf_count=174 305 267 292 310 363 289 234 307 394 278 392 238 215 191 392 329 244 244 254 165 170 190 210 220 148 256 1317 274 7091 180
internal_value=-0.00029401 0.0180428 0.00473635 0.0337134 -0.00950191 0.0387069 0.0246575 -0.0382854 -0.000369842 0.0159188 0.0318381 0.0147958 0.0196511 0.0103733 0.0333503 0.0509166 -0.0040959 -0.0225475 -0.0132408 0.0031397 -0.0466036 0.0098955 -0.0266734 -0.00431732 -0.0267608 -0.0326155 -0.0362998 -0.0408909 -0.0480272 -0.04037
internal_weight=780.254 526.962 286.387 240.575 118.612 206.007 98.5948 253.291 93.0948 40.8827 28.7062 167.775 138.74 84.814 53.9256 107.412 58.7829 90.1495 52.2121 24.3029 163.142 34.0309 81.3448 17.8061 27.9092 63.5387 56.4377 48.9298 158.732 25.5174
internal_count=15933 5670 4241 1429 2479 1162 544 10263 1936 975 670 1762 1524 840 684 618 649 2828 961 419 7435 405 2521 430 542 2091 1835 1591 7265 543
is_linear=0
shrinkage=0.05


Tree=22
num_leaves=31
num_cat=0
split_feature=7 121 71 56 9 25 118 27 53 44 52 20 90 12 46 25 73 21 32 22 37 62 46 43 67 46 20 9 7 27
split_gain=227.538 38.3907 22.2799 10.7959 10.0812 8.65421 7.75842 7.60559 9.31852 10.021 7.34324 9.09412 7.1138 6.92802 8.44905 7.02611 5.7962 5.35384 3.69711 3.37327 3.23843 2.64798 3.99667 6.25554 3.37953 2.10461 2.04028 1.60495 0.721618 0.391073
threshold=575.15000000000009 9209.6450000000023 11.500000000000002 60.500000000000007 3077.9000000000005 2.5000000000000004 0.0033998396500000004 1252.5000000000002 60.500000000000007 80.500000000000014 2.5000000000000004 164.67000000000004 12.500000000000002 45.500000000000007 14490.214000000002 1.5000000000000002 1.0000000180025095e-35 1738.5000000000002 682.50000000000011 3.5000000000000004 9.5000000000000018 1.0000000180025095e-35 2737.3375000000005 13.500000000000002 1.0000000180025095e-35 1458.3724500000003 89.402500000000018 227.65000000000001 412.05000000000007 708.50000000000011
decision_type=2 2 2 2 2 2 2 2 2 2 2 2 2 2 2 2 2 2 2 2 2 2 2 2 2 2 2 2 2 2
left_child=3 2 6 18 5 10 13 8 9 -6 11 26 -12 14 15 17 21 -2 27 -17 29 22 23 -5 -23 -20 -3 28 -1 -8
right_child=1 4 -4 16 7 -7 20 -9 -10 -11 12 -13 -14 -15 -16 19 -18 -19 25 -21 -22 24 -24 -25 -26 -27 -28 -29 -30 -31
leaf_value=-0.046915441948769121 0.034655418263031659 -0.0030888554583816579 0.046331127663756654 -0.025267602156250121 0.033766135255341841 0.044590705923148101 -0.02118795386981133 0.050079552110193229 0.047940030003307849 0.0041565280131805517 0.035346294195831331 0.023317836123209253 0.002190980045082266 -0.030500081175646537 0.029551313786697193 -0.034697410001681556 0.0062684281794367046 -0.010748839469814569 0.006789344611038927 0.0016815227424569002 -0.0092909543012396397 -0.0054937644814067703 -0.033451619872375792 0.038317974858605344 -0.044530428963802771 -0.029755792874576734 -0.026080767128021459 -0.013785803882939644 -0.018058173641001853 -0.044165266268960793
leaf_weight=176.18335722386837 11.673085372895004 18.674125030636787 18.200483568012714 5.7615947611629981 60.085710503160954 22.584172319620848 9.2735580578446406 59.146351300179958 42.054041624069214 54.120491661131382 41.239906575530767 22.153739720582962 26.295892812311649 14.488792875781654 22.281980939209461 17.488995207473639 15.797349682077764 10.975701278075574 5.7764088064432126 9.2031910885125381 18.222674913704395 7.7734272293746463 9.0112248081713897 5.8102158922702074 24.735367061570287 7.2770391069352627 19.407827585935593 6.0097973980009547 5.5534022916108361 15.881027026101945
leaf_count=8229 210 210 136 224 352 307 214 280 193 265 341 208 185 193 299 381 317 190 215 245 297 238 262 189 669 242 207 198 193 351
internal_value=-0.000617703 0.0189009 -0.00259813 -0.037644 0.0275488 0.0172466 -0.0100755 0.034515 0.0280652 0.0200476 0.0118006 -0.000947672 0.0228712 -0.00122971 0.00535917 -0.0062914 -0.0197189 0.0135655 -0.0435386 -0.0229114 -0.026808 -0.0273982 -0.0117428 0.00760066 -0.0360555 -0.0148304 -0.015523 -0.0453572 -0.0462398 -0.0378788
internal_weight=783.141 513.452 147.689 269.689 365.762 150.356 129.489 215.407 156.26 114.206 127.771 60.2357 67.5358 86.1117 71.623 49.341 68.8892 22.6488 200.8 26.6922 43.3773 53.0918 20.583 11.5718 32.5088 13.0534 38.082 187.747 181.737 25.1546
internal_count=16040 5064 2516 10976 2548 1458 2380 1090 810 617 1151 625 526 1518 1325 1026 1899 400 9077 626 862 1582 675 413 907 457 417 8620 8422 565
is_linear=0
shrinkage=0.05


end of trees

feature_importances:
Column_6=26
Column_7=25
Column_58=22
Column_8=21
Column_9=19
Column_27=19
Column_121=19
Column_54=18
Column_55=16
Column_59=15
Column_46=13
Column_115=12
Column_120=12
Column_11=11
Column_19=11
Column_33=11
Column_60=11
Column_116=11
Column_117=11
Column_10=10
Column_12=9
Column_32=9
Column_49=9
Column_56=9
Column_119=9
Column_18=8
Column_21=8
Column_28=8
Column_29=8
Column_62=8
Column_118=8
Column_13=7
Column_20=7
Column_31=7
Column_71=7
Column_122=7
Column_0=6
Column_15=6
Column_34=6
Column_37=6
Column_43=6
Column_57=6
Column_102=6
Column_114=6
Column_38=5
Column_41=5
Column_69=5
Column_131=5
Column_24=4
Column_42=4
Column_48=4
Column_50=4
Column_61=4
Column_86=4
Column_133=4
Column_136=4
Column_25=3
Column_36=3
Column_45=3
Column_53=3
Column_66=3
Column_67=3
Column_78=3
Column_84=3
Column_85=3
Column_94=3
Column_98=3
Column_99=3
Column_135=3
Column_1=2
Column_14=2
Column_17=2
Column_30=2
Column_35=2
Column_39=2
Column_44=2
Column_52=2
Column_73=2
Column_89=2
Column_90=2
Column_92=2
Column_100=2
Column_106=2
Column_126=2
Column_127=2
Column_128=2
Column_2=1
Column_3=1
Column_22=1
Column_23=1
Column_40=1
Column_47=1
Column_51=1
Column_63=1
Column_64=1
Column_65=1
Column_70=1
Column_72=1
Column_79=1
Column_87=1
Column_91=1
Column_97=1
Column_103=1
Column_104=1
Column_110=1
Column_111=1
Column_113=1
Column_134=1
Column_137=1
Column_138=1
Column_141=1
Column_142=1

parameters:
[boosting: gbdt]
[objective: binary]
[metric: auc,binary_logloss]
[tree_learner: serial]
[device_type: cpu]
[data_sample_strategy: bagging]
[data: ]
[valid: ]
[num_iterations: 2000]
[learning_rate: 0.05]
[num_leaves: 31]
[num_threads: -1]
[seed: 20260825]
[deterministic: 0]
[force_col_wise: 0]
[force_row_wise: 0]
[histogram_pool_size: -1]
[max_depth: -1]
[min_data_in_leaf: 200]
[min_sum_hessian_in_leaf: 0.001]
[bagging_fraction: 0.8]
[pos_bagging_fraction: 1]
[neg_bagging_fraction: 1]
[bagging_freq: 1]
[bagging_seed: 20260825]
[bagging_by_query: 0]
[feature_fraction: 0.8]
[feature_fraction_bynode: 1]
[feature_fraction_seed: 20260825]
[extra_trees: 0]
[extra_seed: 27901]
[early_stopping_round: 0]
[early_stopping_min_delta: 0]
[first_metric_only: 0]
[max_delta_step: 0]
[lambda_l1: 0]
[lambda_l2: 2]
[linear_lambda: 0]
[min_gain_to_split: 0]
[drop_rate: 0.1]
[max_drop: 50]
[skip_drop: 0.5]
[xgboost_dart_mode: 0]
[uniform_drop: 0]
[drop_seed: 29628]
[top_rate: 0.2]
[other_rate: 0.1]
[min_data_per_group: 100]
[max_cat_threshold: 32]
[cat_l2: 10]
[cat_smooth: 10]
[max_cat_to_onehot: 4]
[top_k: 20]
[monotone_constraints: ]
[monotone_constraints_method: basic]
[monotone_penalty: 0]
[feature_contri: ]
[forcedsplits_filename: ]
[refit_decay_rate: 0.9]
[cegb_tradeoff: 1]
[cegb_penalty_split: 0]
[cegb_penalty_feature_lazy: ]
[cegb_penalty_feature_coupled: ]
[path_smooth: 0]
[interaction_constraints: ]
[verbosity: -1]
[saved_feature_importance_type: 0]
[use_quantized_grad: 0]
[num_grad_quant_bins: 4]
[quant_train_renew_leaf: 0]
[stochastic_rounding: 1]
[linear_tree: 0]
[max_bin: 255]
[max_bin_by_feature: ]
[min_data_in_bin: 3]
[bin_construct_sample_cnt: 200000]
[data_random_seed: 4775]
[is_enable_sparse: 1]
[enable_bundle: 1]
[use_missing: 1]
[zero_as_missing: 0]
[feature_pre_filter: 1]
[pre_partition: 0]
[two_round: 0]
[header: 0]
[label_column: ]
[weight_column: ]
[group_column: ]
[ignore_column: ]
[categorical_feature: ]
[forcedbins_filename: ]
[precise_float_parser: 0]
[parser_config_file: ]
[objective_seed: 9445]
[num_class: 1]
[is_unbalance: 0]
[scale_pos_weight: 1]
[sigmoid: 1]
[boost_from_average: 1]
[reg_sqrt: 0]
[alpha: 0.9]
[fair_c: 1]
[poisson_max_delta_step: 0.7]
[tweedie_variance_power: 1.5]
[lambdarank_truncation_level: 30]
[lambdarank_norm: 1]
[label_gain: ]
[lambdarank_position_bias_regularization: 0]
[eval_at: ]
[multi_error_top_k: 1]
[auc_mu_weights: ]
[num_machines: 1]
[local_listen_port: 12400]
[time_out: 120]
[machine_list_filename: ]
[machines: ]
[gpu_platform_id: -1]
[gpu_device_id: -1]
[gpu_use_dp: 0]
[num_gpu: 1]

end of parameters

pandas_categorical:null
